4 5.0000000000e+02 5.0000000000e+02 0 301 302 1 -1 300 1 600
4 1.5000000000e+03 5.0000000000e+02 1 302 303 2 0 301 2 601
4 2.5000000000e+03 5.0000000000e+02 2 303 304 3 1 302 3 602
4 3.5000000000e+03 5.0000000000e+02 3 304 305 4 2 303 4 603
4 4.5000000000e+03 5.0000000000e+02 4 305 306 5 3 304 5 604
4 5.5000000000e+03 5.0000000000e+02 5 306 307 6 4 305 6 605
4 6.5000000000e+03 5.0000000000e+02 6 307 308 7 5 306 7 606
4 7.5000000000e+03 5.0000000000e+02 7 308 309 8 6 307 8 607
4 8.5000000000e+03 5.0000000000e+02 8 309 310 9 7 308 9 608
4 9.5000000000e+03 5.0000000000e+02 9 310 311 10 8 309 10 609
4 1.0500000000e+04 5.0000000000e+02 10 311 312 11 9 310 11 610
4 1.1500000000e+04 5.0000000000e+02 11 312 313 12 10 311 12 611
4 1.2500000000e+04 5.0000000000e+02 12 313 314 13 11 312 13 612
4 1.3500000000e+04 5.0000000000e+02 13 314 315 14 12 313 14 613
4 1.4500000000e+04 5.0000000000e+02 14 315 316 15 13 314 15 614
4 1.5500000000e+04 5.0000000000e+02 15 316 317 16 14 315 16 615
4 1.6500000000e+04 5.0000000000e+02 16 317 318 17 15 316 17 616
4 1.7500000000e+04 5.0000000000e+02 17 318 319 18 16 317 18 617
4 1.8500000000e+04 5.0000000000e+02 18 319 320 19 17 318 19 618
4 1.9500000000e+04 5.0000000000e+02 19 320 321 20 18 319 20 619
4 2.0500000000e+04 5.0000000000e+02 20 321 322 21 19 320 21 620
4 2.1500000000e+04 5.0000000000e+02 21 322 323 22 20 321 22 621
4 2.2500000000e+04 5.0000000000e+02 22 323 324 23 21 322 23 622
4 2.3500000000e+04 5.0000000000e+02 23 324 325 24 22 323 24 623
4 2.4500000000e+04 5.0000000000e+02 24 325 326 25 23 324 25 624
4 2.5500000000e+04 5.0000000000e+02 25 326 327 26 24 325 26 625
4 2.6500000000e+04 5.0000000000e+02 26 327 328 27 25 326 27 626
4 2.7500000000e+04 5.0000000000e+02 27 328 329 28 26 327 28 627
4 2.8500000000e+04 5.0000000000e+02 28 329 330 29 27 328 29 628
4 2.9500000000e+04 5.0000000000e+02 29 330 331 30 28 329 30 629
4 3.0500000000e+04 5.0000000000e+02 30 331 332 31 29 330 31 630
4 3.1500000000e+04 5.0000000000e+02 31 332 333 32 30 331 32 631
4 3.2500000000e+04 5.0000000000e+02 32 333 334 33 31 332 33 632
4 3.3500000000e+04 5.0000000000e+02 33 334 335 34 32 333 34 633
4 3.4500000000e+04 5.0000000000e+02 34 335 336 35 33 334 35 634
4 3.5500000000e+04 5.0000000000e+02 35 336 337 36 34 335 36 635
4 3.6500000000e+04 5.0000000000e+02 36 337 338 37 35 336 37 636
4 3.7500000000e+04 5.0000000000e+02 37 338 339 38 36 337 38 637
4 3.8500000000e+04 5.0000000000e+02 38 339 340 39 37 338 39 638
4 3.9500000000e+04 5.0000000000e+02 39 340 341 40 38 339 40 639
4 4.0500000000e+04 5.0000000000e+02 40 341 342 41 39 340 41 640
4 4.1500000000e+04 5.0000000000e+02 41 342 343 42 40 341 42 641
4 4.2500000000e+04 5.0000000000e+02 42 343 344 43 41 342 43 642
4 4.3500000000e+04 5.0000000000e+02 43 344 345 44 42 343 44 643
4 4.4500000000e+04 5.0000000000e+02 44 345 346 45 43 344 45 644
4 4.5500000000e+04 5.0000000000e+02 45 346 347 46 44 345 46 645
4 4.6500000000e+04 5.0000000000e+02 46 347 348 47 45 346 47 646
4 4.7500000000e+04 5.0000000000e+02 47 348 349 48 46 347 48 647
4 4.8500000000e+04 5.0000000000e+02 48 349 350 49 47 348 49 648
4 4.9500000000e+04 5.0000000000e+02 49 350 351 50 48 349 50 649
4 5.0500000000e+04 5.0000000000e+02 50 351 352 51 49 350 51 650
4 5.1500000000e+04 5.0000000000e+02 51 352 353 52 50 351 52 651
4 5.2500000000e+04 5.0000000000e+02 52 353 354 53 51 352 53 652
4 5.3500000000e+04 5.0000000000e+02 53 354 355 54 52 353 54 653
4 5.4500000000e+04 5.0000000000e+02 54 355 356 55 53 354 55 654
4 5.5500000000e+04 5.0000000000e+02 55 356 357 56 54 355 56 655
4 5.6500000000e+04 5.0000000000e+02 56 357 358 57 55 356 57 656
4 5.7500000000e+04 5.0000000000e+02 57 358 359 58 56 357 58 657
4 5.8500000000e+04 5.0000000000e+02 58 359 360 59 57 358 59 658
4 5.9500000000e+04 5.0000000000e+02 59 360 361 60 58 359 60 659
4 6.0500000000e+04 5.0000000000e+02 60 361 362 61 59 360 61 660
4 6.1500000000e+04 5.0000000000e+02 61 362 363 62 60 361 62 661
4 6.2500000000e+04 5.0000000000e+02 62 363 364 63 61 362 63 662
4 6.3500000000e+04 5.0000000000e+02 63 364 365 64 62 363 64 663
4 6.4500000000e+04 5.0000000000e+02 64 365 366 65 63 364 65 664
4 6.5500000000e+04 5.0000000000e+02 65 366 367 66 64 365 66 665
4 6.6500000000e+04 5.0000000000e+02 66 367 368 67 65 366 67 666
4 6.7500000000e+04 5.0000000000e+02 67 368 369 68 66 367 68 667
4 6.8500000000e+04 5.0000000000e+02 68 369 370 69 67 368 69 668
4 6.9500000000e+04 5.0000000000e+02 69 370 371 70 68 369 70 669
4 7.0500000000e+04 5.0000000000e+02 70 371 372 71 69 370 71 670
4 7.1500000000e+04 5.0000000000e+02 71 372 373 72 70 371 72 671
4 7.2500000000e+04 5.0000000000e+02 72 373 374 73 71 372 73 672
4 7.3500000000e+04 5.0000000000e+02 73 374 375 74 72 373 74 673
4 7.4500000000e+04 5.0000000000e+02 74 375 376 75 73 374 75 674
4 7.5500000000e+04 5.0000000000e+02 75 376 377 76 74 375 76 675
4 7.6500000000e+04 5.0000000000e+02 76 377 378 77 75 376 77 676
4 7.7500000000e+04 5.0000000000e+02 77 378 379 78 76 377 78 677
4 7.8500000000e+04 5.0000000000e+02 78 379 380 79 77 378 79 678
4 7.9500000000e+04 5.0000000000e+02 79 380 381 80 78 379 80 679
4 8.0500000000e+04 5.0000000000e+02 80 381 382 81 79 380 81 680
4 8.1500000000e+04 5.0000000000e+02 81 382 383 82 80 381 82 681
4 8.2500000000e+04 5.0000000000e+02 82 383 384 83 81 382 83 682
4 8.3500000000e+04 5.0000000000e+02 83 384 385 84 82 383 84 683
4 8.4500000000e+04 5.0000000000e+02 84 385 386 85 83 384 85 684
4 8.5500000000e+04 5.0000000000e+02 85 386 387 86 84 385 86 685
4 8.6500000000e+04 5.0000000000e+02 86 387 388 87 85 386 87 686
4 8.7500000000e+04 5.0000000000e+02 87 388 389 88 86 387 88 687
4 8.8500000000e+04 5.0000000000e+02 88 389 390 89 87 388 89 688
4 8.9500000000e+04 5.0000000000e+02 89 390 391 90 88 389 90 689
4 9.0500000000e+04 5.0000000000e+02 90 391 392 91 89 390 91 690
4 9.1500000000e+04 5.0000000000e+02 91 392 393 92 90 391 92 691
4 9.2500000000e+04 5.0000000000e+02 92 393 394 93 91 392 93 692
4 9.3500000000e+04 5.0000000000e+02 93 394 395 94 92 393 94 693
4 9.4500000000e+04 5.0000000000e+02 94 395 396 95 93 394 95 694
4 9.5500000000e+04 5.0000000000e+02 95 396 397 96 94 395 96 695
4 9.6500000000e+04 5.0000000000e+02 96 397 398 97 95 396 97 696
4 9.7500000000e+04 5.0000000000e+02 97 398 399 98 96 397 98 697
4 9.8500000000e+04 5.0000000000e+02 98 399 400 99 97 398 99 698
4 9.9500000000e+04 5.0000000000e+02 99 400 401 100 98 399 100 699
4 1.0050000000e+05 5.0000000000e+02 100 401 402 101 99 400 101 700
4 1.0150000000e+05 5.0000000000e+02 101 402 403 102 100 401 102 701
4 1.0250000000e+05 5.0000000000e+02 102 403 404 103 101 402 103 702
4 1.0350000000e+05 5.0000000000e+02 103 404 405 104 102 403 104 703
4 1.0450000000e+05 5.0000000000e+02 104 405 406 105 103 404 105 704
4 1.0550000000e+05 5.0000000000e+02 105 406 407 106 104 405 106 705
4 1.0650000000e+05 5.0000000000e+02 106 407 408 107 105 406 107 706
4 1.0750000000e+05 5.0000000000e+02 107 408 409 108 106 407 108 707
4 1.0850000000e+05 5.0000000000e+02 108 409 410 109 107 408 109 708
4 1.0950000000e+05 5.0000000000e+02 109 410 411 110 108 409 110 709
4 1.1050000000e+05 5.0000000000e+02 110 411 412 111 109 410 111 710
4 1.1150000000e+05 5.0000000000e+02 111 412 413 112 110 411 112 711
4 1.1250000000e+05 5.0000000000e+02 112 413 414 113 111 412 113 712
4 1.1350000000e+05 5.0000000000e+02 113 414 415 114 112 413 114 713
4 1.1450000000e+05 5.0000000000e+02 114 415 416 115 113 414 115 714
4 1.1550000000e+05 5.0000000000e+02 115 416 417 116 114 415 116 715
4 1.1650000000e+05 5.0000000000e+02 116 417 418 117 115 416 117 716
4 1.1750000000e+05 5.0000000000e+02 117 418 419 118 116 417 118 717
4 1.1850000000e+05 5.0000000000e+02 118 419 420 119 117 418 119 718
4 1.1950000000e+05 5.0000000000e+02 119 420 421 120 118 419 120 719
4 1.2050000000e+05 5.0000000000e+02 120 421 422 121 119 420 121 720
4 1.2150000000e+05 5.0000000000e+02 121 422 423 122 120 421 122 721
4 1.2250000000e+05 5.0000000000e+02 122 423 424 123 121 422 123 722
4 1.2350000000e+05 5.0000000000e+02 123 424 425 124 122 423 124 723
4 1.2450000000e+05 5.0000000000e+02 124 425 426 125 123 424 125 724
4 1.2550000000e+05 5.0000000000e+02 125 426 427 126 124 425 126 725
4 1.2650000000e+05 5.0000000000e+02 126 427 428 127 125 426 127 726
4 1.2750000000e+05 5.0000000000e+02 127 428 429 128 126 427 128 727
4 1.2850000000e+05 5.0000000000e+02 128 429 430 129 127 428 129 728
4 1.2950000000e+05 5.0000000000e+02 129 430 431 130 128 429 130 729
4 1.3050000000e+05 5.0000000000e+02 130 431 432 131 129 430 131 730
4 1.3150000000e+05 5.0000000000e+02 131 432 433 132 130 431 132 731
4 1.3250000000e+05 5.0000000000e+02 132 433 434 133 131 432 133 732
4 1.3350000000e+05 5.0000000000e+02 133 434 435 134 132 433 134 733
4 1.3450000000e+05 5.0000000000e+02 134 435 436 135 133 434 135 734
4 1.3550000000e+05 5.0000000000e+02 135 436 437 136 134 435 136 735
4 1.3650000000e+05 5.0000000000e+02 136 437 438 137 135 436 137 736
4 1.3750000000e+05 5.0000000000e+02 137 438 439 138 136 437 138 737
4 1.3850000000e+05 5.0000000000e+02 138 439 440 139 137 438 139 738
4 1.3950000000e+05 5.0000000000e+02 139 440 441 140 138 439 140 739
4 1.4050000000e+05 5.0000000000e+02 140 441 442 141 139 440 141 740
4 1.4150000000e+05 5.0000000000e+02 141 442 443 142 140 441 142 741
4 1.4250000000e+05 5.0000000000e+02 142 443 444 143 141 442 143 742
4 1.4350000000e+05 5.0000000000e+02 143 444 445 144 142 443 144 743
4 1.4450000000e+05 5.0000000000e+02 144 445 446 145 143 444 145 744
4 1.4550000000e+05 5.0000000000e+02 145 446 447 146 144 445 146 745
4 1.4650000000e+05 5.0000000000e+02 146 447 448 147 145 446 147 746
4 1.4750000000e+05 5.0000000000e+02 147 448 449 148 146 447 148 747
4 1.4850000000e+05 5.0000000000e+02 148 449 450 149 147 448 149 748
4 1.4950000000e+05 5.0000000000e+02 149 450 451 150 148 449 150 749
4 1.5050000000e+05 5.0000000000e+02 150 451 452 151 149 450 151 750
4 1.5150000000e+05 5.0000000000e+02 151 452 453 152 150 451 152 751
4 1.5250000000e+05 5.0000000000e+02 152 453 454 153 151 452 153 752
4 1.5350000000e+05 5.0000000000e+02 153 454 455 154 152 453 154 753
4 1.5450000000e+05 5.0000000000e+02 154 455 456 155 153 454 155 754
4 1.5550000000e+05 5.0000000000e+02 155 456 457 156 154 455 156 755
4 1.5650000000e+05 5.0000000000e+02 156 457 458 157 155 456 157 756
4 1.5750000000e+05 5.0000000000e+02 157 458 459 158 156 457 158 757
4 1.5850000000e+05 5.0000000000e+02 158 459 460 159 157 458 159 758
4 1.5950000000e+05 5.0000000000e+02 159 460 461 160 158 459 160 759
4 1.6050000000e+05 5.0000000000e+02 160 461 462 161 159 460 161 760
4 1.6150000000e+05 5.0000000000e+02 161 462 463 162 160 461 162 761
4 1.6250000000e+05 5.0000000000e+02 162 463 464 163 161 462 163 762
4 1.6350000000e+05 5.0000000000e+02 163 464 465 164 162 463 164 763
4 1.6450000000e+05 5.0000000000e+02 164 465 466 165 163 464 165 764
4 1.6550000000e+05 5.0000000000e+02 165 466 467 166 164 465 166 765
4 1.6650000000e+05 5.0000000000e+02 166 467 468 167 165 466 167 766
4 1.6750000000e+05 5.0000000000e+02 167 468 469 168 166 467 168 767
4 1.6850000000e+05 5.0000000000e+02 168 469 470 169 167 468 169 768
4 1.6950000000e+05 5.0000000000e+02 169 470 471 170 168 469 170 769
4 1.7050000000e+05 5.0000000000e+02 170 471 472 171 169 470 171 770
4 1.7150000000e+05 5.0000000000e+02 171 472 473 172 170 471 172 771
4 1.7250000000e+05 5.0000000000e+02 172 473 474 173 171 472 173 772
4 1.7350000000e+05 5.0000000000e+02 173 474 475 174 172 473 174 773
4 1.7450000000e+05 5.0000000000e+02 174 475 476 175 173 474 175 774
4 1.7550000000e+05 5.0000000000e+02 175 476 477 176 174 475 176 775
4 1.7650000000e+05 5.0000000000e+02 176 477 478 177 175 476 177 776
4 1.7750000000e+05 5.0000000000e+02 177 478 479 178 176 477 178 777
4 1.7850000000e+05 5.0000000000e+02 178 479 480 179 177 478 179 778
4 1.7950000000e+05 5.0000000000e+02 179 480 481 180 178 479 180 779
4 1.8050000000e+05 5.0000000000e+02 180 481 482 181 179 480 181 780
4 1.8150000000e+05 5.0000000000e+02 181 482 483 182 180 481 182 781
4 1.8250000000e+05 5.0000000000e+02 182 483 484 183 181 482 183 782
4 1.8350000000e+05 5.0000000000e+02 183 484 485 184 182 483 184 783
4 1.8450000000e+05 5.0000000000e+02 184 485 486 185 183 484 185 784
4 1.8550000000e+05 5.0000000000e+02 185 486 487 186 184 485 186 785
4 1.8650000000e+05 5.0000000000e+02 186 487 488 187 185 486 187 786
4 1.8750000000e+05 5.0000000000e+02 187 488 489 188 186 487 188 787
4 1.8850000000e+05 5.0000000000e+02 188 489 490 189 187 488 189 788
4 1.8950000000e+05 5.0000000000e+02 189 490 491 190 188 489 190 789
4 1.9050000000e+05 5.0000000000e+02 190 491 492 191 189 490 191 790
4 1.9150000000e+05 5.0000000000e+02 191 492 493 192 190 491 192 791
4 1.9250000000e+05 5.0000000000e+02 192 493 494 193 191 492 193 792
4 1.9350000000e+05 5.0000000000e+02 193 494 495 194 192 493 194 793
4 1.9450000000e+05 5.0000000000e+02 194 495 496 195 193 494 195 794
4 1.9550000000e+05 5.0000000000e+02 195 496 497 196 194 495 196 795
4 1.9650000000e+05 5.0000000000e+02 196 497 498 197 195 496 197 796
4 1.9750000000e+05 5.0000000000e+02 197 498 499 198 196 497 198 797
4 1.9850000000e+05 5.0000000000e+02 198 499 500 199 197 498 199 798
4 1.9950000000e+05 5.0000000000e+02 199 500 501 200 198 499 200 799
4 2.0050000000e+05 5.0000000000e+02 200 501 502 201 199 500 201 800
4 2.0150000000e+05 5.0000000000e+02 201 502 503 202 200 501 202 801
4 2.0250000000e+05 5.0000000000e+02 202 503 504 203 201 502 203 802
4 2.0350000000e+05 5.0000000000e+02 203 504 505 204 202 503 204 803
4 2.0450000000e+05 5.0000000000e+02 204 505 506 205 203 504 205 804
4 2.0550000000e+05 5.0000000000e+02 205 506 507 206 204 505 206 805
4 2.0650000000e+05 5.0000000000e+02 206 507 508 207 205 506 207 806
4 2.0750000000e+05 5.0000000000e+02 207 508 509 208 206 507 208 807
4 2.0850000000e+05 5.0000000000e+02 208 509 510 209 207 508 209 808
4 2.0950000000e+05 5.0000000000e+02 209 510 511 210 208 509 210 809
4 2.1050000000e+05 5.0000000000e+02 210 511 512 211 209 510 211 810
4 2.1150000000e+05 5.0000000000e+02 211 512 513 212 210 511 212 811
4 2.1250000000e+05 5.0000000000e+02 212 513 514 213 211 512 213 812
4 2.1350000000e+05 5.0000000000e+02 213 514 515 214 212 513 214 813
4 2.1450000000e+05 5.0000000000e+02 214 515 516 215 213 514 215 814
4 2.1550000000e+05 5.0000000000e+02 215 516 517 216 214 515 216 815
4 2.1650000000e+05 5.0000000000e+02 216 517 518 217 215 516 217 816
4 2.1750000000e+05 5.0000000000e+02 217 518 519 218 216 517 218 817
4 2.1850000000e+05 5.0000000000e+02 218 519 520 219 217 518 219 818
4 2.1950000000e+05 5.0000000000e+02 219 520 521 220 218 519 220 819
4 2.2050000000e+05 5.0000000000e+02 220 521 522 221 219 520 221 820
4 2.2150000000e+05 5.0000000000e+02 221 522 523 222 220 521 222 821
4 2.2250000000e+05 5.0000000000e+02 222 523 524 223 221 522 223 822
4 2.2350000000e+05 5.0000000000e+02 223 524 525 224 222 523 224 823
4 2.2450000000e+05 5.0000000000e+02 224 525 526 225 223 524 225 824
4 2.2550000000e+05 5.0000000000e+02 225 526 527 226 224 525 226 825
4 2.2650000000e+05 5.0000000000e+02 226 527 528 227 225 526 227 826
4 2.2750000000e+05 5.0000000000e+02 227 528 529 228 226 527 228 827
4 2.2850000000e+05 5.0000000000e+02 228 529 530 229 227 528 229 828
4 2.2950000000e+05 5.0000000000e+02 229 530 531 230 228 529 230 829
4 2.3050000000e+05 5.0000000000e+02 230 531 532 231 229 530 231 830
4 2.3150000000e+05 5.0000000000e+02 231 532 533 232 230 531 232 831
4 2.3250000000e+05 5.0000000000e+02 232 533 534 233 231 532 233 832
4 2.3350000000e+05 5.0000000000e+02 233 534 535 234 232 533 234 833
4 2.3450000000e+05 5.0000000000e+02 234 535 536 235 233 534 235 834
4 2.3550000000e+05 5.0000000000e+02 235 536 537 236 234 535 236 835
4 2.3650000000e+05 5.0000000000e+02 236 537 538 237 235 536 237 836
4 2.3750000000e+05 5.0000000000e+02 237 538 539 238 236 537 238 837
4 2.3850000000e+05 5.0000000000e+02 238 539 540 239 237 538 239 838
4 2.3950000000e+05 5.0000000000e+02 239 540 541 240 238 539 240 839
4 2.4050000000e+05 5.0000000000e+02 240 541 542 241 239 540 241 840
4 2.4150000000e+05 5.0000000000e+02 241 542 543 242 240 541 242 841
4 2.4250000000e+05 5.0000000000e+02 242 543 544 243 241 542 243 842
4 2.4350000000e+05 5.0000000000e+02 243 544 545 244 242 543 244 843
4 2.4450000000e+05 5.0000000000e+02 244 545 546 245 243 544 245 844
4 2.4550000000e+05 5.0000000000e+02 245 546 547 246 244 545 246 845
4 2.4650000000e+05 5.0000000000e+02 246 547 548 247 245 546 247 846
4 2.4750000000e+05 5.0000000000e+02 247 548 549 248 246 547 248 847
4 2.4850000000e+05 5.0000000000e+02 248 549 550 249 247 548 249 848
4 2.4950000000e+05 5.0000000000e+02 249 550 551 250 248 549 250 849
4 2.5050000000e+05 5.0000000000e+02 250 551 552 251 249 550 251 850
4 2.5150000000e+05 5.0000000000e+02 251 552 553 252 250 551 252 851
4 2.5250000000e+05 5.0000000000e+02 252 553 554 253 251 552 253 852
4 2.5350000000e+05 5.0000000000e+02 253 554 555 254 252 553 254 853
4 2.5450000000e+05 5.0000000000e+02 254 555 556 255 253 554 255 854
4 2.5550000000e+05 5.0000000000e+02 255 556 557 256 254 555 256 855
4 2.5650000000e+05 5.0000000000e+02 256 557 558 257 255 556 257 856
4 2.5750000000e+05 5.0000000000e+02 257 558 559 258 256 557 258 857
4 2.5850000000e+05 5.0000000000e+02 258 559 560 259 257 558 259 858
4 2.5950000000e+05 5.0000000000e+02 259 560 561 260 258 559 260 859
4 2.6050000000e+05 5.0000000000e+02 260 561 562 261 259 560 261 860
4 2.6150000000e+05 5.0000000000e+02 261 562 563 262 260 561 262 861
4 2.6250000000e+05 5.0000000000e+02 262 563 564 263 261 562 263 862
4 2.6350000000e+05 5.0000000000e+02 263 564 565 264 262 563 264 863
4 2.6450000000e+05 5.0000000000e+02 264 565 566 265 263 564 265 864
4 2.6550000000e+05 5.0000000000e+02 265 566 567 266 264 565 266 865
4 2.6650000000e+05 5.0000000000e+02 266 567 568 267 265 566 267 866
4 2.6750000000e+05 5.0000000000e+02 267 568 569 268 266 567 268 867
4 2.6850000000e+05 5.0000000000e+02 268 569 570 269 267 568 269 868
4 2.6950000000e+05 5.0000000000e+02 269 570 571 270 268 569 270 869
4 2.7050000000e+05 5.0000000000e+02 270 571 572 271 269 570 271 870
4 2.7150000000e+05 5.0000000000e+02 271 572 573 272 270 571 272 871
4 2.7250000000e+05 5.0000000000e+02 272 573 574 273 271 572 273 872
4 2.7350000000e+05 5.0000000000e+02 273 574 575 274 272 573 274 873
4 2.7450000000e+05 5.0000000000e+02 274 575 576 275 273 574 275 874
4 2.7550000000e+05 5.0000000000e+02 275 576 577 276 274 575 276 875
4 2.7650000000e+05 5.0000000000e+02 276 577 578 277 275 576 277 876
4 2.7750000000e+05 5.0000000000e+02 277 578 579 278 276 577 278 877
4 2.7850000000e+05 5.0000000000e+02 278 579 580 279 277 578 279 878
4 2.7950000000e+05 5.0000000000e+02 279 580 581 280 278 579 280 879
4 2.8050000000e+05 5.0000000000e+02 280 581 582 281 279 580 281 880
4 2.8150000000e+05 5.0000000000e+02 281 582 583 282 280 581 282 881
4 2.8250000000e+05 5.0000000000e+02 282 583 584 283 281 582 283 882
4 2.8350000000e+05 5.0000000000e+02 283 584 585 284 282 583 284 883
4 2.8450000000e+05 5.0000000000e+02 284 585 586 285 283 584 285 884
4 2.8550000000e+05 5.0000000000e+02 285 586 587 286 284 585 286 885
4 2.8650000000e+05 5.0000000000e+02 286 587 588 287 285 586 287 886
4 2.8750000000e+05 5.0000000000e+02 287 588 589 288 286 587 288 887
4 2.8850000000e+05 5.0000000000e+02 288 589 590 289 287 588 289 888
4 2.8950000000e+05 5.0000000000e+02 289 590 591 290 288 589 290 889
4 2.9050000000e+05 5.0000000000e+02 290 591 592 291 289 590 291 890
4 2.9150000000e+05 5.0000000000e+02 291 592 593 292 290 591 292 891
4 2.9250000000e+05 5.0000000000e+02 292 593 594 293 291 592 293 892
4 2.9350000000e+05 5.0000000000e+02 293 594 595 294 292 593 294 893
4 2.9450000000e+05 5.0000000000e+02 294 595 596 295 293 594 295 894
4 2.9550000000e+05 5.0000000000e+02 295 596 597 296 294 595 296 895
4 2.9650000000e+05 5.0000000000e+02 296 597 598 297 295 596 297 896
4 2.9750000000e+05 5.0000000000e+02 297 598 599 298 296 597 298 897
4 2.9850000000e+05 5.0000000000e+02 298 599 600 299 297 598 299 898
4 2.9950000000e+05 5.0000000000e+02 299 600 601 300 298 599 -1 899
4 5.0000000000e+02 1.5000000000e+03 301 602 603 302 -1 600 301 0
4 1.5000000000e+03 1.5000000000e+03 302 603 604 303 300 601 302 1
4 2.5000000000e+03 1.5000000000e+03 303 604 605 304 301 602 303 2
4 3.5000000000e+03 1.5000000000e+03 304 605 606 305 302 603 304 3
4 4.5000000000e+03 1.5000000000e+03 305 606 607 306 303 604 305 4
4 5.5000000000e+03 1.5000000000e+03 306 607 608 307 304 605 306 5
4 6.5000000000e+03 1.5000000000e+03 307 608 609 308 305 606 307 6
4 7.5000000000e+03 1.5000000000e+03 308 609 610 309 306 607 308 7
4 8.5000000000e+03 1.5000000000e+03 309 610 611 310 307 608 309 8
4 9.5000000000e+03 1.5000000000e+03 310 611 612 311 308 609 310 9
4 1.0500000000e+04 1.5000000000e+03 311 612 613 312 309 610 311 10
4 1.1500000000e+04 1.5000000000e+03 312 613 614 313 310 611 312 11
4 1.2500000000e+04 1.5000000000e+03 313 614 615 314 311 612 313 12
4 1.3500000000e+04 1.5000000000e+03 314 615 616 315 312 613 314 13
4 1.4500000000e+04 1.5000000000e+03 315 616 617 316 313 614 315 14
4 1.5500000000e+04 1.5000000000e+03 316 617 618 317 314 615 316 15
4 1.6500000000e+04 1.5000000000e+03 317 618 619 318 315 616 317 16
4 1.7500000000e+04 1.5000000000e+03 318 619 620 319 316 617 318 17
4 1.8500000000e+04 1.5000000000e+03 319 620 621 320 317 618 319 18
4 1.9500000000e+04 1.5000000000e+03 320 621 622 321 318 619 320 19
4 2.0500000000e+04 1.5000000000e+03 321 622 623 322 319 620 321 20
4 2.1500000000e+04 1.5000000000e+03 322 623 624 323 320 621 322 21
4 2.2500000000e+04 1.5000000000e+03 323 624 625 324 321 622 323 22
4 2.3500000000e+04 1.5000000000e+03 324 625 626 325 322 623 324 23
4 2.4500000000e+04 1.5000000000e+03 325 626 627 326 323 624 325 24
4 2.5500000000e+04 1.5000000000e+03 326 627 628 327 324 625 326 25
4 2.6500000000e+04 1.5000000000e+03 327 628 629 328 325 626 327 26
4 2.7500000000e+04 1.5000000000e+03 328 629 630 329 326 627 328 27
4 2.8500000000e+04 1.5000000000e+03 329 630 631 330 327 628 329 28
4 2.9500000000e+04 1.5000000000e+03 330 631 632 331 328 629 330 29
4 3.0500000000e+04 1.5000000000e+03 331 632 633 332 329 630 331 30
4 3.1500000000e+04 1.5000000000e+03 332 633 634 333 330 631 332 31
4 3.2500000000e+04 1.5000000000e+03 333 634 635 334 331 632 333 32
4 3.3500000000e+04 1.5000000000e+03 334 635 636 335 332 633 334 33
4 3.4500000000e+04 1.5000000000e+03 335 636 637 336 333 634 335 34
4 3.5500000000e+04 1.5000000000e+03 336 637 638 337 334 635 336 35
4 3.6500000000e+04 1.5000000000e+03 337 638 639 338 335 636 337 36
4 3.7500000000e+04 1.5000000000e+03 338 639 640 339 336 637 338 37
4 3.8500000000e+04 1.5000000000e+03 339 640 641 340 337 638 339 38
4 3.9500000000e+04 1.5000000000e+03 340 641 642 341 338 639 340 39
4 4.0500000000e+04 1.5000000000e+03 341 642 643 342 339 640 341 40
4 4.1500000000e+04 1.5000000000e+03 342 643 644 343 340 641 342 41
4 4.2500000000e+04 1.5000000000e+03 343 644 645 344 341 642 343 42
4 4.3500000000e+04 1.5000000000e+03 344 645 646 345 342 643 344 43
4 4.4500000000e+04 1.5000000000e+03 345 646 647 346 343 644 345 44
4 4.5500000000e+04 1.5000000000e+03 346 647 648 347 344 645 346 45
4 4.6500000000e+04 1.5000000000e+03 347 648 649 348 345 646 347 46
4 4.7500000000e+04 1.5000000000e+03 348 649 650 349 346 647 348 47
4 4.8500000000e+04 1.5000000000e+03 349 650 651 350 347 648 349 48
4 4.9500000000e+04 1.5000000000e+03 350 651 652 351 348 649 350 49
4 5.0500000000e+04 1.5000000000e+03 351 652 653 352 349 650 351 50
4 5.1500000000e+04 1.5000000000e+03 352 653 654 353 350 651 352 51
4 5.2500000000e+04 1.5000000000e+03 353 654 655 354 351 652 353 52
4 5.3500000000e+04 1.5000000000e+03 354 655 656 355 352 653 354 53
4 5.4500000000e+04 1.5000000000e+03 355 656 657 356 353 654 355 54
4 5.5500000000e+04 1.5000000000e+03 356 657 658 357 354 655 356 55
4 5.6500000000e+04 1.5000000000e+03 357 658 659 358 355 656 357 56
4 5.7500000000e+04 1.5000000000e+03 358 659 660 359 356 657 358 57
4 5.8500000000e+04 1.5000000000e+03 359 660 661 360 357 658 359 58
4 5.9500000000e+04 1.5000000000e+03 360 661 662 361 358 659 360 59
4 6.0500000000e+04 1.5000000000e+03 361 662 663 362 359 660 361 60
4 6.1500000000e+04 1.5000000000e+03 362 663 664 363 360 661 362 61
4 6.2500000000e+04 1.5000000000e+03 363 664 665 364 361 662 363 62
4 6.3500000000e+04 1.5000000000e+03 364 665 666 365 362 663 364 63
4 6.4500000000e+04 1.5000000000e+03 365 666 667 366 363 664 365 64
4 6.5500000000e+04 1.5000000000e+03 366 667 668 367 364 665 366 65
4 6.6500000000e+04 1.5000000000e+03 367 668 669 368 365 666 367 66
4 6.7500000000e+04 1.5000000000e+03 368 669 670 369 366 667 368 67
4 6.8500000000e+04 1.5000000000e+03 369 670 671 370 367 668 369 68
4 6.9500000000e+04 1.5000000000e+03 370 671 672 371 368 669 370 69
4 7.0500000000e+04 1.5000000000e+03 371 672 673 372 369 670 371 70
4 7.1500000000e+04 1.5000000000e+03 372 673 674 373 370 671 372 71
4 7.2500000000e+04 1.5000000000e+03 373 674 675 374 371 672 373 72
4 7.3500000000e+04 1.5000000000e+03 374 675 676 375 372 673 374 73
4 7.4500000000e+04 1.5000000000e+03 375 676 677 376 373 674 375 74
4 7.5500000000e+04 1.5000000000e+03 376 677 678 377 374 675 376 75
4 7.6500000000e+04 1.5000000000e+03 377 678 679 378 375 676 377 76
4 7.7500000000e+04 1.5000000000e+03 378 679 680 379 376 677 378 77
4 7.8500000000e+04 1.5000000000e+03 379 680 681 380 377 678 379 78
4 7.9500000000e+04 1.5000000000e+03 380 681 682 381 378 679 380 79
4 8.0500000000e+04 1.5000000000e+03 381 682 683 382 379 680 381 80
4 8.1500000000e+04 1.5000000000e+03 382 683 684 383 380 681 382 81
4 8.2500000000e+04 1.5000000000e+03 383 684 685 384 381 682 383 82
4 8.3500000000e+04 1.5000000000e+03 384 685 686 385 382 683 384 83
4 8.4500000000e+04 1.5000000000e+03 385 686 687 386 383 684 385 84
4 8.5500000000e+04 1.5000000000e+03 386 687 688 387 384 685 386 85
4 8.6500000000e+04 1.5000000000e+03 387 688 689 388 385 686 387 86
4 8.7500000000e+04 1.5000000000e+03 388 689 690 389 386 687 388 87
4 8.8500000000e+04 1.5000000000e+03 389 690 691 390 387 688 389 88
4 8.9500000000e+04 1.5000000000e+03 390 691 692 391 388 689 390 89
4 9.0500000000e+04 1.5000000000e+03 391 692 693 392 389 690 391 90
4 9.1500000000e+04 1.5000000000e+03 392 693 694 393 390 691 392 91
4 9.2500000000e+04 1.5000000000e+03 393 694 695 394 391 692 393 92
4 9.3500000000e+04 1.5000000000e+03 394 695 696 395 392 693 394 93
4 9.4500000000e+04 1.5000000000e+03 395 696 697 396 393 694 395 94
4 9.5500000000e+04 1.5000000000e+03 396 697 698 397 394 695 396 95
4 9.6500000000e+04 1.5000000000e+03 397 698 699 398 395 696 397 96
4 9.7500000000e+04 1.5000000000e+03 398 699 700 399 396 697 398 97
4 9.8500000000e+04 1.5000000000e+03 399 700 701 400 397 698 399 98
4 9.9500000000e+04 1.5000000000e+03 400 701 702 401 398 699 400 99
4 1.0050000000e+05 1.5000000000e+03 401 702 703 402 399 700 401 100
4 1.0150000000e+05 1.5000000000e+03 402 703 704 403 400 701 402 101
4 1.0250000000e+05 1.5000000000e+03 403 704 705 404 401 702 403 102
4 1.0350000000e+05 1.5000000000e+03 404 705 706 405 402 703 404 103
4 1.0450000000e+05 1.5000000000e+03 405 706 707 406 403 704 405 104
4 1.0550000000e+05 1.5000000000e+03 406 707 708 407 404 705 406 105
4 1.0650000000e+05 1.5000000000e+03 407 708 709 408 405 706 407 106
4 1.0750000000e+05 1.5000000000e+03 408 709 710 409 406 707 408 107
4 1.0850000000e+05 1.5000000000e+03 409 710 711 410 407 708 409 108
4 1.0950000000e+05 1.5000000000e+03 410 711 712 411 408 709 410 109
4 1.1050000000e+05 1.5000000000e+03 411 712 713 412 409 710 411 110
4 1.1150000000e+05 1.5000000000e+03 412 713 714 413 410 711 412 111
4 1.1250000000e+05 1.5000000000e+03 413 714 715 414 411 712 413 112
4 1.1350000000e+05 1.5000000000e+03 414 715 716 415 412 713 414 113
4 1.1450000000e+05 1.5000000000e+03 415 716 717 416 413 714 415 114
4 1.1550000000e+05 1.5000000000e+03 416 717 718 417 414 715 416 115
4 1.1650000000e+05 1.5000000000e+03 417 718 719 418 415 716 417 116
4 1.1750000000e+05 1.5000000000e+03 418 719 720 419 416 717 418 117
4 1.1850000000e+05 1.5000000000e+03 419 720 721 420 417 718 419 118
4 1.1950000000e+05 1.5000000000e+03 420 721 722 421 418 719 420 119
4 1.2050000000e+05 1.5000000000e+03 421 722 723 422 419 720 421 120
4 1.2150000000e+05 1.5000000000e+03 422 723 724 423 420 721 422 121
4 1.2250000000e+05 1.5000000000e+03 423 724 725 424 421 722 423 122
4 1.2350000000e+05 1.5000000000e+03 424 725 726 425 422 723 424 123
4 1.2450000000e+05 1.5000000000e+03 425 726 727 426 423 724 425 124
4 1.2550000000e+05 1.5000000000e+03 426 727 728 427 424 725 426 125
4 1.2650000000e+05 1.5000000000e+03 427 728 729 428 425 726 427 126
4 1.2750000000e+05 1.5000000000e+03 428 729 730 429 426 727 428 127
4 1.2850000000e+05 1.5000000000e+03 429 730 731 430 427 728 429 128
4 1.2950000000e+05 1.5000000000e+03 430 731 732 431 428 729 430 129
4 1.3050000000e+05 1.5000000000e+03 431 732 733 432 429 730 431 130
4 1.3150000000e+05 1.5000000000e+03 432 733 734 433 430 731 432 131
4 1.3250000000e+05 1.5000000000e+03 433 734 735 434 431 732 433 132
4 1.3350000000e+05 1.5000000000e+03 434 735 736 435 432 733 434 133
4 1.3450000000e+05 1.5000000000e+03 435 736 737 436 433 734 435 134
4 1.3550000000e+05 1.5000000000e+03 436 737 738 437 434 735 436 135
4 1.3650000000e+05 1.5000000000e+03 437 738 739 438 435 736 437 136
4 1.3750000000e+05 1.5000000000e+03 438 739 740 439 436 737 438 137
4 1.3850000000e+05 1.5000000000e+03 439 740 741 440 437 738 439 138
4 1.3950000000e+05 1.5000000000e+03 440 741 742 441 438 739 440 139
4 1.4050000000e+05 1.5000000000e+03 441 742 743 442 439 740 441 140
4 1.4150000000e+05 1.5000000000e+03 442 743 744 443 440 741 442 141
4 1.4250000000e+05 1.5000000000e+03 443 744 745 444 441 742 443 142
4 1.4350000000e+05 1.5000000000e+03 444 745 746 445 442 743 444 143
4 1.4450000000e+05 1.5000000000e+03 445 746 747 446 443 744 445 144
4 1.4550000000e+05 1.5000000000e+03 446 747 748 447 444 745 446 145
4 1.4650000000e+05 1.5000000000e+03 447 748 749 448 445 746 447 146
4 1.4750000000e+05 1.5000000000e+03 448 749 750 449 446 747 448 147
4 1.4850000000e+05 1.5000000000e+03 449 750 751 450 447 748 449 148
4 1.4950000000e+05 1.5000000000e+03 450 751 752 451 448 749 450 149
4 1.5050000000e+05 1.5000000000e+03 451 752 753 452 449 750 451 150
4 1.5150000000e+05 1.5000000000e+03 452 753 754 453 450 751 452 151
4 1.5250000000e+05 1.5000000000e+03 453 754 755 454 451 752 453 152
4 1.5350000000e+05 1.5000000000e+03 454 755 756 455 452 753 454 153
4 1.5450000000e+05 1.5000000000e+03 455 756 757 456 453 754 455 154
4 1.5550000000e+05 1.5000000000e+03 456 757 758 457 454 755 456 155
4 1.5650000000e+05 1.5000000000e+03 457 758 759 458 455 756 457 156
4 1.5750000000e+05 1.5000000000e+03 458 759 760 459 456 757 458 157
4 1.5850000000e+05 1.5000000000e+03 459 760 761 460 457 758 459 158
4 1.5950000000e+05 1.5000000000e+03 460 761 762 461 458 759 460 159
4 1.6050000000e+05 1.5000000000e+03 461 762 763 462 459 760 461 160
4 1.6150000000e+05 1.5000000000e+03 462 763 764 463 460 761 462 161
4 1.6250000000e+05 1.5000000000e+03 463 764 765 464 461 762 463 162
4 1.6350000000e+05 1.5000000000e+03 464 765 766 465 462 763 464 163
4 1.6450000000e+05 1.5000000000e+03 465 766 767 466 463 764 465 164
4 1.6550000000e+05 1.5000000000e+03 466 767 768 467 464 765 466 165
4 1.6650000000e+05 1.5000000000e+03 467 768 769 468 465 766 467 166
4 1.6750000000e+05 1.5000000000e+03 468 769 770 469 466 767 468 167
4 1.6850000000e+05 1.5000000000e+03 469 770 771 470 467 768 469 168
4 1.6950000000e+05 1.5000000000e+03 470 771 772 471 468 769 470 169
4 1.7050000000e+05 1.5000000000e+03 471 772 773 472 469 770 471 170
4 1.7150000000e+05 1.5000000000e+03 472 773 774 473 470 771 472 171
4 1.7250000000e+05 1.5000000000e+03 473 774 775 474 471 772 473 172
4 1.7350000000e+05 1.5000000000e+03 474 775 776 475 472 773 474 173
4 1.7450000000e+05 1.5000000000e+03 475 776 777 476 473 774 475 174
4 1.7550000000e+05 1.5000000000e+03 476 777 778 477 474 775 476 175
4 1.7650000000e+05 1.5000000000e+03 477 778 779 478 475 776 477 176
4 1.7750000000e+05 1.5000000000e+03 478 779 780 479 476 777 478 177
4 1.7850000000e+05 1.5000000000e+03 479 780 781 480 477 778 479 178
4 1.7950000000e+05 1.5000000000e+03 480 781 782 481 478 779 480 179
4 1.8050000000e+05 1.5000000000e+03 481 782 783 482 479 780 481 180
4 1.8150000000e+05 1.5000000000e+03 482 783 784 483 480 781 482 181
4 1.8250000000e+05 1.5000000000e+03 483 784 785 484 481 782 483 182
4 1.8350000000e+05 1.5000000000e+03 484 785 786 485 482 783 484 183
4 1.8450000000e+05 1.5000000000e+03 485 786 787 486 483 784 485 184
4 1.8550000000e+05 1.5000000000e+03 486 787 788 487 484 785 486 185
4 1.8650000000e+05 1.5000000000e+03 487 788 789 488 485 786 487 186
4 1.8750000000e+05 1.5000000000e+03 488 789 790 489 486 787 488 187
4 1.8850000000e+05 1.5000000000e+03 489 790 791 490 487 788 489 188
4 1.8950000000e+05 1.5000000000e+03 490 791 792 491 488 789 490 189
4 1.9050000000e+05 1.5000000000e+03 491 792 793 492 489 790 491 190
4 1.9150000000e+05 1.5000000000e+03 492 793 794 493 490 791 492 191
4 1.9250000000e+05 1.5000000000e+03 493 794 795 494 491 792 493 192
4 1.9350000000e+05 1.5000000000e+03 494 795 796 495 492 793 494 193
4 1.9450000000e+05 1.5000000000e+03 495 796 797 496 493 794 495 194
4 1.9550000000e+05 1.5000000000e+03 496 797 798 497 494 795 496 195
4 1.9650000000e+05 1.5000000000e+03 497 798 799 498 495 796 497 196
4 1.9750000000e+05 1.5000000000e+03 498 799 800 499 496 797 498 197
4 1.9850000000e+05 1.5000000000e+03 499 800 801 500 497 798 499 198
4 1.9950000000e+05 1.5000000000e+03 500 801 802 501 498 799 500 199
4 2.0050000000e+05 1.5000000000e+03 501 802 803 502 499 800 501 200
4 2.0150000000e+05 1.5000000000e+03 502 803 804 503 500 801 502 201
4 2.0250000000e+05 1.5000000000e+03 503 804 805 504 501 802 503 202
4 2.0350000000e+05 1.5000000000e+03 504 805 806 505 502 803 504 203
4 2.0450000000e+05 1.5000000000e+03 505 806 807 506 503 804 505 204
4 2.0550000000e+05 1.5000000000e+03 506 807 808 507 504 805 506 205
4 2.0650000000e+05 1.5000000000e+03 507 808 809 508 505 806 507 206
4 2.0750000000e+05 1.5000000000e+03 508 809 810 509 506 807 508 207
4 2.0850000000e+05 1.5000000000e+03 509 810 811 510 507 808 509 208
4 2.0950000000e+05 1.5000000000e+03 510 811 812 511 508 809 510 209
4 2.1050000000e+05 1.5000000000e+03 511 812 813 512 509 810 511 210
4 2.1150000000e+05 1.5000000000e+03 512 813 814 513 510 811 512 211
4 2.1250000000e+05 1.5000000000e+03 513 814 815 514 511 812 513 212
4 2.1350000000e+05 1.5000000000e+03 514 815 816 515 512 813 514 213
4 2.1450000000e+05 1.5000000000e+03 515 816 817 516 513 814 515 214
4 2.1550000000e+05 1.5000000000e+03 516 817 818 517 514 815 516 215
4 2.1650000000e+05 1.5000000000e+03 517 818 819 518 515 816 517 216
4 2.1750000000e+05 1.5000000000e+03 518 819 820 519 516 817 518 217
4 2.1850000000e+05 1.5000000000e+03 519 820 821 520 517 818 519 218
4 2.1950000000e+05 1.5000000000e+03 520 821 822 521 518 819 520 219
4 2.2050000000e+05 1.5000000000e+03 521 822 823 522 519 820 521 220
4 2.2150000000e+05 1.5000000000e+03 522 823 824 523 520 821 522 221
4 2.2250000000e+05 1.5000000000e+03 523 824 825 524 521 822 523 222
4 2.2350000000e+05 1.5000000000e+03 524 825 826 525 522 823 524 223
4 2.2450000000e+05 1.5000000000e+03 525 826 827 526 523 824 525 224
4 2.2550000000e+05 1.5000000000e+03 526 827 828 527 524 825 526 225
4 2.2650000000e+05 1.5000000000e+03 527 828 829 528 525 826 527 226
4 2.2750000000e+05 1.5000000000e+03 528 829 830 529 526 827 528 227
4 2.2850000000e+05 1.5000000000e+03 529 830 831 530 527 828 529 228
4 2.2950000000e+05 1.5000000000e+03 530 831 832 531 528 829 530 229
4 2.3050000000e+05 1.5000000000e+03 531 832 833 532 529 830 531 230
4 2.3150000000e+05 1.5000000000e+03 532 833 834 533 530 831 532 231
4 2.3250000000e+05 1.5000000000e+03 533 834 835 534 531 832 533 232
4 2.3350000000e+05 1.5000000000e+03 534 835 836 535 532 833 534 233
4 2.3450000000e+05 1.5000000000e+03 535 836 837 536 533 834 535 234
4 2.3550000000e+05 1.5000000000e+03 536 837 838 537 534 835 536 235
4 2.3650000000e+05 1.5000000000e+03 537 838 839 538 535 836 537 236
4 2.3750000000e+05 1.5000000000e+03 538 839 840 539 536 837 538 237
4 2.3850000000e+05 1.5000000000e+03 539 840 841 540 537 838 539 238
4 2.3950000000e+05 1.5000000000e+03 540 841 842 541 538 839 540 239
4 2.4050000000e+05 1.5000000000e+03 541 842 843 542 539 840 541 240
4 2.4150000000e+05 1.5000000000e+03 542 843 844 543 540 841 542 241
4 2.4250000000e+05 1.5000000000e+03 543 844 845 544 541 842 543 242
4 2.4350000000e+05 1.5000000000e+03 544 845 846 545 542 843 544 243
4 2.4450000000e+05 1.5000000000e+03 545 846 847 546 543 844 545 244
4 2.4550000000e+05 1.5000000000e+03 546 847 848 547 544 845 546 245
4 2.4650000000e+05 1.5000000000e+03 547 848 849 548 545 846 547 246
4 2.4750000000e+05 1.5000000000e+03 548 849 850 549 546 847 548 247
4 2.4850000000e+05 1.5000000000e+03 549 850 851 550 547 848 549 248
4 2.4950000000e+05 1.5000000000e+03 550 851 852 551 548 849 550 249
4 2.5050000000e+05 1.5000000000e+03 551 852 853 552 549 850 551 250
4 2.5150000000e+05 1.5000000000e+03 552 853 854 553 550 851 552 251
4 2.5250000000e+05 1.5000000000e+03 553 854 855 554 551 852 553 252
4 2.5350000000e+05 1.5000000000e+03 554 855 856 555 552 853 554 253
4 2.5450000000e+05 1.5000000000e+03 555 856 857 556 553 854 555 254
4 2.5550000000e+05 1.5000000000e+03 556 857 858 557 554 855 556 255
4 2.5650000000e+05 1.5000000000e+03 557 858 859 558 555 856 557 256
4 2.5750000000e+05 1.5000000000e+03 558 859 860 559 556 857 558 257
4 2.5850000000e+05 1.5000000000e+03 559 860 861 560 557 858 559 258
4 2.5950000000e+05 1.5000000000e+03 560 861 862 561 558 859 560 259
4 2.6050000000e+05 1.5000000000e+03 561 862 863 562 559 860 561 260
4 2.6150000000e+05 1.5000000000e+03 562 863 864 563 560 861 562 261
4 2.6250000000e+05 1.5000000000e+03 563 864 865 564 561 862 563 262
4 2.6350000000e+05 1.5000000000e+03 564 865 866 565 562 863 564 263
4 2.6450000000e+05 1.5000000000e+03 565 866 867 566 563 864 565 264
4 2.6550000000e+05 1.5000000000e+03 566 867 868 567 564 865 566 265
4 2.6650000000e+05 1.5000000000e+03 567 868 869 568 565 866 567 266
4 2.6750000000e+05 1.5000000000e+03 568 869 870 569 566 867 568 267
4 2.6850000000e+05 1.5000000000e+03 569 870 871 570 567 868 569 268
4 2.6950000000e+05 1.5000000000e+03 570 871 872 571 568 869 570 269
4 2.7050000000e+05 1.5000000000e+03 571 872 873 572 569 870 571 270
4 2.7150000000e+05 1.5000000000e+03 572 873 874 573 570 871 572 271
4 2.7250000000e+05 1.5000000000e+03 573 874 875 574 571 872 573 272
4 2.7350000000e+05 1.5000000000e+03 574 875 876 575 572 873 574 273
4 2.7450000000e+05 1.5000000000e+03 575 876 877 576 573 874 575 274
4 2.7550000000e+05 1.5000000000e+03 576 877 878 577 574 875 576 275
4 2.7650000000e+05 1.5000000000e+03 577 878 879 578 575 876 577 276
4 2.7750000000e+05 1.5000000000e+03 578 879 880 579 576 877 578 277
4 2.7850000000e+05 1.5000000000e+03 579 880 881 580 577 878 579 278
4 2.7950000000e+05 1.5000000000e+03 580 881 882 581 578 879 580 279
4 2.8050000000e+05 1.5000000000e+03 581 882 883 582 579 880 581 280
4 2.8150000000e+05 1.5000000000e+03 582 883 884 583 580 881 582 281
4 2.8250000000e+05 1.5000000000e+03 583 884 885 584 581 882 583 282
4 2.8350000000e+05 1.5000000000e+03 584 885 886 585 582 883 584 283
4 2.8450000000e+05 1.5000000000e+03 585 886 887 586 583 884 585 284
4 2.8550000000e+05 1.5000000000e+03 586 887 888 587 584 885 586 285
4 2.8650000000e+05 1.5000000000e+03 587 888 889 588 585 886 587 286
4 2.8750000000e+05 1.5000000000e+03 588 889 890 589 586 887 588 287
4 2.8850000000e+05 1.5000000000e+03 589 890 891 590 587 888 589 288
4 2.8950000000e+05 1.5000000000e+03 590 891 892 591 588 889 590 289
4 2.9050000000e+05 1.5000000000e+03 591 892 893 592 589 890 591 290
4 2.9150000000e+05 1.5000000000e+03 592 893 894 593 590 891 592 291
4 2.9250000000e+05 1.5000000000e+03 593 894 895 594 591 892 593 292
4 2.9350000000e+05 1.5000000000e+03 594 895 896 595 592 893 594 293
4 2.9450000000e+05 1.5000000000e+03 595 896 897 596 593 894 595 294
4 2.9550000000e+05 1.5000000000e+03 596 897 898 597 594 895 596 295
4 2.9650000000e+05 1.5000000000e+03 597 898 899 598 595 896 597 296
4 2.9750000000e+05 1.5000000000e+03 598 899 900 599 596 897 598 297
4 2.9850000000e+05 1.5000000000e+03 599 900 901 600 597 898 599 298
4 2.9950000000e+05 1.5000000000e+03 600 901 902 601 598 899 -1 299
4 5.0000000000e+02 2.5000000000e+03 602 903 904 603 -1 0 601 300
4 1.5000000000e+03 2.5000000000e+03 603 904 905 604 600 1 602 301
4 2.5000000000e+03 2.5000000000e+03 604 905 906 605 601 2 603 302
4 3.5000000000e+03 2.5000000000e+03 605 906 907 606 602 3 604 303
4 4.5000000000e+03 2.5000000000e+03 606 907 908 607 603 4 605 304
4 5.5000000000e+03 2.5000000000e+03 607 908 909 608 604 5 606 305
4 6.5000000000e+03 2.5000000000e+03 608 909 910 609 605 6 607 306
4 7.5000000000e+03 2.5000000000e+03 609 910 911 610 606 7 608 307
4 8.5000000000e+03 2.5000000000e+03 610 911 912 611 607 8 609 308
4 9.5000000000e+03 2.5000000000e+03 611 912 913 612 608 9 610 309
4 1.0500000000e+04 2.5000000000e+03 612 913 914 613 609 10 611 310
4 1.1500000000e+04 2.5000000000e+03 613 914 915 614 610 11 612 311
4 1.2500000000e+04 2.5000000000e+03 614 915 916 615 611 12 613 312
4 1.3500000000e+04 2.5000000000e+03 615 916 917 616 612 13 614 313
4 1.4500000000e+04 2.5000000000e+03 616 917 918 617 613 14 615 314
4 1.5500000000e+04 2.5000000000e+03 617 918 919 618 614 15 616 315
4 1.6500000000e+04 2.5000000000e+03 618 919 920 619 615 16 617 316
4 1.7500000000e+04 2.5000000000e+03 619 920 921 620 616 17 618 317
4 1.8500000000e+04 2.5000000000e+03 620 921 922 621 617 18 619 318
4 1.9500000000e+04 2.5000000000e+03 621 922 923 622 618 19 620 319
4 2.0500000000e+04 2.5000000000e+03 622 923 924 623 619 20 621 320
4 2.1500000000e+04 2.5000000000e+03 623 924 925 624 620 21 622 321
4 2.2500000000e+04 2.5000000000e+03 624 925 926 625 621 22 623 322
4 2.3500000000e+04 2.5000000000e+03 625 926 927 626 622 23 624 323
4 2.4500000000e+04 2.5000000000e+03 626 927 928 627 623 24 625 324
4 2.5500000000e+04 2.5000000000e+03 627 928 929 628 624 25 626 325
4 2.6500000000e+04 2.5000000000e+03 628 929 930 629 625 26 627 326
4 2.7500000000e+04 2.5000000000e+03 629 930 931 630 626 27 628 327
4 2.8500000000e+04 2.5000000000e+03 630 931 932 631 627 28 629 328
4 2.9500000000e+04 2.5000000000e+03 631 932 933 632 628 29 630 329
4 3.0500000000e+04 2.5000000000e+03 632 933 934 633 629 30 631 330
4 3.1500000000e+04 2.5000000000e+03 633 934 935 634 630 31 632 331
4 3.2500000000e+04 2.5000000000e+03 634 935 936 635 631 32 633 332
4 3.3500000000e+04 2.5000000000e+03 635 936 937 636 632 33 634 333
4 3.4500000000e+04 2.5000000000e+03 636 937 938 637 633 34 635 334
4 3.5500000000e+04 2.5000000000e+03 637 938 939 638 634 35 636 335
4 3.6500000000e+04 2.5000000000e+03 638 939 940 639 635 36 637 336
4 3.7500000000e+04 2.5000000000e+03 639 940 941 640 636 37 638 337
4 3.8500000000e+04 2.5000000000e+03 640 941 942 641 637 38 639 338
4 3.9500000000e+04 2.5000000000e+03 641 942 943 642 638 39 640 339
4 4.0500000000e+04 2.5000000000e+03 642 943 944 643 639 40 641 340
4 4.1500000000e+04 2.5000000000e+03 643 944 945 644 640 41 642 341
4 4.2500000000e+04 2.5000000000e+03 644 945 946 645 641 42 643 342
4 4.3500000000e+04 2.5000000000e+03 645 946 947 646 642 43 644 343
4 4.4500000000e+04 2.5000000000e+03 646 947 948 647 643 44 645 344
4 4.5500000000e+04 2.5000000000e+03 647 948 949 648 644 45 646 345
4 4.6500000000e+04 2.5000000000e+03 648 949 950 649 645 46 647 346
4 4.7500000000e+04 2.5000000000e+03 649 950 951 650 646 47 648 347
4 4.8500000000e+04 2.5000000000e+03 650 951 952 651 647 48 649 348
4 4.9500000000e+04 2.5000000000e+03 651 952 953 652 648 49 650 349
4 5.0500000000e+04 2.5000000000e+03 652 953 954 653 649 50 651 350
4 5.1500000000e+04 2.5000000000e+03 653 954 955 654 650 51 652 351
4 5.2500000000e+04 2.5000000000e+03 654 955 956 655 651 52 653 352
4 5.3500000000e+04 2.5000000000e+03 655 956 957 656 652 53 654 353
4 5.4500000000e+04 2.5000000000e+03 656 957 958 657 653 54 655 354
4 5.5500000000e+04 2.5000000000e+03 657 958 959 658 654 55 656 355
4 5.6500000000e+04 2.5000000000e+03 658 959 960 659 655 56 657 356
4 5.7500000000e+04 2.5000000000e+03 659 960 961 660 656 57 658 357
4 5.8500000000e+04 2.5000000000e+03 660 961 962 661 657 58 659 358
4 5.9500000000e+04 2.5000000000e+03 661 962 963 662 658 59 660 359
4 6.0500000000e+04 2.5000000000e+03 662 963 964 663 659 60 661 360
4 6.1500000000e+04 2.5000000000e+03 663 964 965 664 660 61 662 361
4 6.2500000000e+04 2.5000000000e+03 664 965 966 665 661 62 663 362
4 6.3500000000e+04 2.5000000000e+03 665 966 967 666 662 63 664 363
4 6.4500000000e+04 2.5000000000e+03 666 967 968 667 663 64 665 364
4 6.5500000000e+04 2.5000000000e+03 667 968 969 668 664 65 666 365
4 6.6500000000e+04 2.5000000000e+03 668 969 970 669 665 66 667 366
4 6.7500000000e+04 2.5000000000e+03 669 970 971 670 666 67 668 367
4 6.8500000000e+04 2.5000000000e+03 670 971 972 671 667 68 669 368
4 6.9500000000e+04 2.5000000000e+03 671 972 973 672 668 69 670 369
4 7.0500000000e+04 2.5000000000e+03 672 973 974 673 669 70 671 370
4 7.1500000000e+04 2.5000000000e+03 673 974 975 674 670 71 672 371
4 7.2500000000e+04 2.5000000000e+03 674 975 976 675 671 72 673 372
4 7.3500000000e+04 2.5000000000e+03 675 976 977 676 672 73 674 373
4 7.4500000000e+04 2.5000000000e+03 676 977 978 677 673 74 675 374
4 7.5500000000e+04 2.5000000000e+03 677 978 979 678 674 75 676 375
4 7.6500000000e+04 2.5000000000e+03 678 979 980 679 675 76 677 376
4 7.7500000000e+04 2.5000000000e+03 679 980 981 680 676 77 678 377
4 7.8500000000e+04 2.5000000000e+03 680 981 982 681 677 78 679 378
4 7.9500000000e+04 2.5000000000e+03 681 982 983 682 678 79 680 379
4 8.0500000000e+04 2.5000000000e+03 682 983 984 683 679 80 681 380
4 8.1500000000e+04 2.5000000000e+03 683 984 985 684 680 81 682 381
4 8.2500000000e+04 2.5000000000e+03 684 985 986 685 681 82 683 382
4 8.3500000000e+04 2.5000000000e+03 685 986 987 686 682 83 684 383
4 8.4500000000e+04 2.5000000000e+03 686 987 988 687 683 84 685 384
4 8.5500000000e+04 2.5000000000e+03 687 988 989 688 684 85 686 385
4 8.6500000000e+04 2.5000000000e+03 688 989 990 689 685 86 687 386
4 8.7500000000e+04 2.5000000000e+03 689 990 991 690 686 87 688 387
4 8.8500000000e+04 2.5000000000e+03 690 991 992 691 687 88 689 388
4 8.9500000000e+04 2.5000000000e+03 691 992 993 692 688 89 690 389
4 9.0500000000e+04 2.5000000000e+03 692 993 994 693 689 90 691 390
4 9.1500000000e+04 2.5000000000e+03 693 994 995 694 690 91 692 391
4 9.2500000000e+04 2.5000000000e+03 694 995 996 695 691 92 693 392
4 9.3500000000e+04 2.5000000000e+03 695 996 997 696 692 93 694 393
4 9.4500000000e+04 2.5000000000e+03 696 997 998 697 693 94 695 394
4 9.5500000000e+04 2.5000000000e+03 697 998 999 698 694 95 696 395
4 9.6500000000e+04 2.5000000000e+03 698 999 1000 699 695 96 697 396
4 9.7500000000e+04 2.5000000000e+03 699 1000 1001 700 696 97 698 397
4 9.8500000000e+04 2.5000000000e+03 700 1001 1002 701 697 98 699 398
4 9.9500000000e+04 2.5000000000e+03 701 1002 1003 702 698 99 700 399
4 1.0050000000e+05 2.5000000000e+03 702 1003 1004 703 699 100 701 400
4 1.0150000000e+05 2.5000000000e+03 703 1004 1005 704 700 101 702 401
4 1.0250000000e+05 2.5000000000e+03 704 1005 1006 705 701 102 703 402
4 1.0350000000e+05 2.5000000000e+03 705 1006 1007 706 702 103 704 403
4 1.0450000000e+05 2.5000000000e+03 706 1007 1008 707 703 104 705 404
4 1.0550000000e+05 2.5000000000e+03 707 1008 1009 708 704 105 706 405
4 1.0650000000e+05 2.5000000000e+03 708 1009 1010 709 705 106 707 406
4 1.0750000000e+05 2.5000000000e+03 709 1010 1011 710 706 107 708 407
4 1.0850000000e+05 2.5000000000e+03 710 1011 1012 711 707 108 709 408
4 1.0950000000e+05 2.5000000000e+03 711 1012 1013 712 708 109 710 409
4 1.1050000000e+05 2.5000000000e+03 712 1013 1014 713 709 110 711 410
4 1.1150000000e+05 2.5000000000e+03 713 1014 1015 714 710 111 712 411
4 1.1250000000e+05 2.5000000000e+03 714 1015 1016 715 711 112 713 412
4 1.1350000000e+05 2.5000000000e+03 715 1016 1017 716 712 113 714 413
4 1.1450000000e+05 2.5000000000e+03 716 1017 1018 717 713 114 715 414
4 1.1550000000e+05 2.5000000000e+03 717 1018 1019 718 714 115 716 415
4 1.1650000000e+05 2.5000000000e+03 718 1019 1020 719 715 116 717 416
4 1.1750000000e+05 2.5000000000e+03 719 1020 1021 720 716 117 718 417
4 1.1850000000e+05 2.5000000000e+03 720 1021 1022 721 717 118 719 418
4 1.1950000000e+05 2.5000000000e+03 721 1022 1023 722 718 119 720 419
4 1.2050000000e+05 2.5000000000e+03 722 1023 1024 723 719 120 721 420
4 1.2150000000e+05 2.5000000000e+03 723 1024 1025 724 720 121 722 421
4 1.2250000000e+05 2.5000000000e+03 724 1025 1026 725 721 122 723 422
4 1.2350000000e+05 2.5000000000e+03 725 1026 1027 726 722 123 724 423
4 1.2450000000e+05 2.5000000000e+03 726 1027 1028 727 723 124 725 424
4 1.2550000000e+05 2.5000000000e+03 727 1028 1029 728 724 125 726 425
4 1.2650000000e+05 2.5000000000e+03 728 1029 1030 729 725 126 727 426
4 1.2750000000e+05 2.5000000000e+03 729 1030 1031 730 726 127 728 427
4 1.2850000000e+05 2.5000000000e+03 730 1031 1032 731 727 128 729 428
4 1.2950000000e+05 2.5000000000e+03 731 1032 1033 732 728 129 730 429
4 1.3050000000e+05 2.5000000000e+03 732 1033 1034 733 729 130 731 430
4 1.3150000000e+05 2.5000000000e+03 733 1034 1035 734 730 131 732 431
4 1.3250000000e+05 2.5000000000e+03 734 1035 1036 735 731 132 733 432
4 1.3350000000e+05 2.5000000000e+03 735 1036 1037 736 732 133 734 433
4 1.3450000000e+05 2.5000000000e+03 736 1037 1038 737 733 134 735 434
4 1.3550000000e+05 2.5000000000e+03 737 1038 1039 738 734 135 736 435
4 1.3650000000e+05 2.5000000000e+03 738 1039 1040 739 735 136 737 436
4 1.3750000000e+05 2.5000000000e+03 739 1040 1041 740 736 137 738 437
4 1.3850000000e+05 2.5000000000e+03 740 1041 1042 741 737 138 739 438
4 1.3950000000e+05 2.5000000000e+03 741 1042 1043 742 738 139 740 439
4 1.4050000000e+05 2.5000000000e+03 742 1043 1044 743 739 140 741 440
4 1.4150000000e+05 2.5000000000e+03 743 1044 1045 744 740 141 742 441
4 1.4250000000e+05 2.5000000000e+03 744 1045 1046 745 741 142 743 442
4 1.4350000000e+05 2.5000000000e+03 745 1046 1047 746 742 143 744 443
4 1.4450000000e+05 2.5000000000e+03 746 1047 1048 747 743 144 745 444
4 1.4550000000e+05 2.5000000000e+03 747 1048 1049 748 744 145 746 445
4 1.4650000000e+05 2.5000000000e+03 748 1049 1050 749 745 146 747 446
4 1.4750000000e+05 2.5000000000e+03 749 1050 1051 750 746 147 748 447
4 1.4850000000e+05 2.5000000000e+03 750 1051 1052 751 747 148 749 448
4 1.4950000000e+05 2.5000000000e+03 751 1052 1053 752 748 149 750 449
4 1.5050000000e+05 2.5000000000e+03 752 1053 1054 753 749 150 751 450
4 1.5150000000e+05 2.5000000000e+03 753 1054 1055 754 750 151 752 451
4 1.5250000000e+05 2.5000000000e+03 754 1055 1056 755 751 152 753 452
4 1.5350000000e+05 2.5000000000e+03 755 1056 1057 756 752 153 754 453
4 1.5450000000e+05 2.5000000000e+03 756 1057 1058 757 753 154 755 454
4 1.5550000000e+05 2.5000000000e+03 757 1058 1059 758 754 155 756 455
4 1.5650000000e+05 2.5000000000e+03 758 1059 1060 759 755 156 757 456
4 1.5750000000e+05 2.5000000000e+03 759 1060 1061 760 756 157 758 457
4 1.5850000000e+05 2.5000000000e+03 760 1061 1062 761 757 158 759 458
4 1.5950000000e+05 2.5000000000e+03 761 1062 1063 762 758 159 760 459
4 1.6050000000e+05 2.5000000000e+03 762 1063 1064 763 759 160 761 460
4 1.6150000000e+05 2.5000000000e+03 763 1064 1065 764 760 161 762 461
4 1.6250000000e+05 2.5000000000e+03 764 1065 1066 765 761 162 763 462
4 1.6350000000e+05 2.5000000000e+03 765 1066 1067 766 762 163 764 463
4 1.6450000000e+05 2.5000000000e+03 766 1067 1068 767 763 164 765 464
4 1.6550000000e+05 2.5000000000e+03 767 1068 1069 768 764 165 766 465
4 1.6650000000e+05 2.5000000000e+03 768 1069 1070 769 765 166 767 466
4 1.6750000000e+05 2.5000000000e+03 769 1070 1071 770 766 167 768 467
4 1.6850000000e+05 2.5000000000e+03 770 1071 1072 771 767 168 769 468
4 1.6950000000e+05 2.5000000000e+03 771 1072 1073 772 768 169 770 469
4 1.7050000000e+05 2.5000000000e+03 772 1073 1074 773 769 170 771 470
4 1.7150000000e+05 2.5000000000e+03 773 1074 1075 774 770 171 772 471
4 1.7250000000e+05 2.5000000000e+03 774 1075 1076 775 771 172 773 472
4 1.7350000000e+05 2.5000000000e+03 775 1076 1077 776 772 173 774 473
4 1.7450000000e+05 2.5000000000e+03 776 1077 1078 777 773 174 775 474
4 1.7550000000e+05 2.5000000000e+03 777 1078 1079 778 774 175 776 475
4 1.7650000000e+05 2.5000000000e+03 778 1079 1080 779 775 176 777 476
4 1.7750000000e+05 2.5000000000e+03 779 1080 1081 780 776 177 778 477
4 1.7850000000e+05 2.5000000000e+03 780 1081 1082 781 777 178 779 478
4 1.7950000000e+05 2.5000000000e+03 781 1082 1083 782 778 179 780 479
4 1.8050000000e+05 2.5000000000e+03 782 1083 1084 783 779 180 781 480
4 1.8150000000e+05 2.5000000000e+03 783 1084 1085 784 780 181 782 481
4 1.8250000000e+05 2.5000000000e+03 784 1085 1086 785 781 182 783 482
4 1.8350000000e+05 2.5000000000e+03 785 1086 1087 786 782 183 784 483
4 1.8450000000e+05 2.5000000000e+03 786 1087 1088 787 783 184 785 484
4 1.8550000000e+05 2.5000000000e+03 787 1088 1089 788 784 185 786 485
4 1.8650000000e+05 2.5000000000e+03 788 1089 1090 789 785 186 787 486
4 1.8750000000e+05 2.5000000000e+03 789 1090 1091 790 786 187 788 487
4 1.8850000000e+05 2.5000000000e+03 790 1091 1092 791 787 188 789 488
4 1.8950000000e+05 2.5000000000e+03 791 1092 1093 792 788 189 790 489
4 1.9050000000e+05 2.5000000000e+03 792 1093 1094 793 789 190 791 490
4 1.9150000000e+05 2.5000000000e+03 793 1094 1095 794 790 191 792 491
4 1.9250000000e+05 2.5000000000e+03 794 1095 1096 795 791 192 793 492
4 1.9350000000e+05 2.5000000000e+03 795 1096 1097 796 792 193 794 493
4 1.9450000000e+05 2.5000000000e+03 796 1097 1098 797 793 194 795 494
4 1.9550000000e+05 2.5000000000e+03 797 1098 1099 798 794 195 796 495
4 1.9650000000e+05 2.5000000000e+03 798 1099 1100 799 795 196 797 496
4 1.9750000000e+05 2.5000000000e+03 799 1100 1101 800 796 197 798 497
4 1.9850000000e+05 2.5000000000e+03 800 1101 1102 801 797 198 799 498
4 1.9950000000e+05 2.5000000000e+03 801 1102 1103 802 798 199 800 499
4 2.0050000000e+05 2.5000000000e+03 802 1103 1104 803 799 200 801 500
4 2.0150000000e+05 2.5000000000e+03 803 1104 1105 804 800 201 802 501
4 2.0250000000e+05 2.5000000000e+03 804 1105 1106 805 801 202 803 502
4 2.0350000000e+05 2.5000000000e+03 805 1106 1107 806 802 203 804 503
4 2.0450000000e+05 2.5000000000e+03 806 1107 1108 807 803 204 805 504
4 2.0550000000e+05 2.5000000000e+03 807 1108 1109 808 804 205 806 505
4 2.0650000000e+05 2.5000000000e+03 808 1109 1110 809 805 206 807 506
4 2.0750000000e+05 2.5000000000e+03 809 1110 1111 810 806 207 808 507
4 2.0850000000e+05 2.5000000000e+03 810 1111 1112 811 807 208 809 508
4 2.0950000000e+05 2.5000000000e+03 811 1112 1113 812 808 209 810 509
4 2.1050000000e+05 2.5000000000e+03 812 1113 1114 813 809 210 811 510
4 2.1150000000e+05 2.5000000000e+03 813 1114 1115 814 810 211 812 511
4 2.1250000000e+05 2.5000000000e+03 814 1115 1116 815 811 212 813 512
4 2.1350000000e+05 2.5000000000e+03 815 1116 1117 816 812 213 814 513
4 2.1450000000e+05 2.5000000000e+03 816 1117 1118 817 813 214 815 514
4 2.1550000000e+05 2.5000000000e+03 817 1118 1119 818 814 215 816 515
4 2.1650000000e+05 2.5000000000e+03 818 1119 1120 819 815 216 817 516
4 2.1750000000e+05 2.5000000000e+03 819 1120 1121 820 816 217 818 517
4 2.1850000000e+05 2.5000000000e+03 820 1121 1122 821 817 218 819 518
4 2.1950000000e+05 2.5000000000e+03 821 1122 1123 822 818 219 820 519
4 2.2050000000e+05 2.5000000000e+03 822 1123 1124 823 819 220 821 520
4 2.2150000000e+05 2.5000000000e+03 823 1124 1125 824 820 221 822 521
4 2.2250000000e+05 2.5000000000e+03 824 1125 1126 825 821 222 823 522
4 2.2350000000e+05 2.5000000000e+03 825 1126 1127 826 822 223 824 523
4 2.2450000000e+05 2.5000000000e+03 826 1127 1128 827 823 224 825 524
4 2.2550000000e+05 2.5000000000e+03 827 1128 1129 828 824 225 826 525
4 2.2650000000e+05 2.5000000000e+03 828 1129 1130 829 825 226 827 526
4 2.2750000000e+05 2.5000000000e+03 829 1130 1131 830 826 227 828 527
4 2.2850000000e+05 2.5000000000e+03 830 1131 1132 831 827 228 829 528
4 2.2950000000e+05 2.5000000000e+03 831 1132 1133 832 828 229 830 529
4 2.3050000000e+05 2.5000000000e+03 832 1133 1134 833 829 230 831 530
4 2.3150000000e+05 2.5000000000e+03 833 1134 1135 834 830 231 832 531
4 2.3250000000e+05 2.5000000000e+03 834 1135 1136 835 831 232 833 532
4 2.3350000000e+05 2.5000000000e+03 835 1136 1137 836 832 233 834 533
4 2.3450000000e+05 2.5000000000e+03 836 1137 1138 837 833 234 835 534
4 2.3550000000e+05 2.5000000000e+03 837 1138 1139 838 834 235 836 535
4 2.3650000000e+05 2.5000000000e+03 838 1139 1140 839 835 236 837 536
4 2.3750000000e+05 2.5000000000e+03 839 1140 1141 840 836 237 838 537
4 2.3850000000e+05 2.5000000000e+03 840 1141 1142 841 837 238 839 538
4 2.3950000000e+05 2.5000000000e+03 841 1142 1143 842 838 239 840 539
4 2.4050000000e+05 2.5000000000e+03 842 1143 1144 843 839 240 841 540
4 2.4150000000e+05 2.5000000000e+03 843 1144 1145 844 840 241 842 541
4 2.4250000000e+05 2.5000000000e+03 844 1145 1146 845 841 242 843 542
4 2.4350000000e+05 2.5000000000e+03 845 1146 1147 846 842 243 844 543
4 2.4450000000e+05 2.5000000000e+03 846 1147 1148 847 843 244 845 544
4 2.4550000000e+05 2.5000000000e+03 847 1148 1149 848 844 245 846 545
4 2.4650000000e+05 2.5000000000e+03 848 1149 1150 849 845 246 847 546
4 2.4750000000e+05 2.5000000000e+03 849 1150 1151 850 846 247 848 547
4 2.4850000000e+05 2.5000000000e+03 850 1151 1152 851 847 248 849 548
4 2.4950000000e+05 2.5000000000e+03 851 1152 1153 852 848 249 850 549
4 2.5050000000e+05 2.5000000000e+03 852 1153 1154 853 849 250 851 550
4 2.5150000000e+05 2.5000000000e+03 853 1154 1155 854 850 251 852 551
4 2.5250000000e+05 2.5000000000e+03 854 1155 1156 855 851 252 853 552
4 2.5350000000e+05 2.5000000000e+03 855 1156 1157 856 852 253 854 553
4 2.5450000000e+05 2.5000000000e+03 856 1157 1158 857 853 254 855 554
4 2.5550000000e+05 2.5000000000e+03 857 1158 1159 858 854 255 856 555
4 2.5650000000e+05 2.5000000000e+03 858 1159 1160 859 855 256 857 556
4 2.5750000000e+05 2.5000000000e+03 859 1160 1161 860 856 257 858 557
4 2.5850000000e+05 2.5000000000e+03 860 1161 1162 861 857 258 859 558
4 2.5950000000e+05 2.5000000000e+03 861 1162 1163 862 858 259 860 559
4 2.6050000000e+05 2.5000000000e+03 862 1163 1164 863 859 260 861 560
4 2.6150000000e+05 2.5000000000e+03 863 1164 1165 864 860 261 862 561
4 2.6250000000e+05 2.5000000000e+03 864 1165 1166 865 861 262 863 562
4 2.6350000000e+05 2.5000000000e+03 865 1166 1167 866 862 263 864 563
4 2.6450000000e+05 2.5000000000e+03 866 1167 1168 867 863 264 865 564
4 2.6550000000e+05 2.5000000000e+03 867 1168 1169 868 864 265 866 565
4 2.6650000000e+05 2.5000000000e+03 868 1169 1170 869 865 266 867 566
4 2.6750000000e+05 2.5000000000e+03 869 1170 1171 870 866 267 868 567
4 2.6850000000e+05 2.5000000000e+03 870 1171 1172 871 867 268 869 568
4 2.6950000000e+05 2.5000000000e+03 871 1172 1173 872 868 269 870 569
4 2.7050000000e+05 2.5000000000e+03 872 1173 1174 873 869 270 871 570
4 2.7150000000e+05 2.5000000000e+03 873 1174 1175 874 870 271 872 571
4 2.7250000000e+05 2.5000000000e+03 874 1175 1176 875 871 272 873 572
4 2.7350000000e+05 2.5000000000e+03 875 1176 1177 876 872 273 874 573
4 2.7450000000e+05 2.5000000000e+03 876 1177 1178 877 873 274 875 574
4 2.7550000000e+05 2.5000000000e+03 877 1178 1179 878 874 275 876 575
4 2.7650000000e+05 2.5000000000e+03 878 1179 1180 879 875 276 877 576
4 2.7750000000e+05 2.5000000000e+03 879 1180 1181 880 876 277 878 577
4 2.7850000000e+05 2.5000000000e+03 880 1181 1182 881 877 278 879 578
4 2.7950000000e+05 2.5000000000e+03 881 1182 1183 882 878 279 880 579
4 2.8050000000e+05 2.5000000000e+03 882 1183 1184 883 879 280 881 580
4 2.8150000000e+05 2.5000000000e+03 883 1184 1185 884 880 281 882 581
4 2.8250000000e+05 2.5000000000e+03 884 1185 1186 885 881 282 883 582
4 2.8350000000e+05 2.5000000000e+03 885 1186 1187 886 882 283 884 583
4 2.8450000000e+05 2.5000000000e+03 886 1187 1188 887 883 284 885 584
4 2.8550000000e+05 2.5000000000e+03 887 1188 1189 888 884 285 886 585
4 2.8650000000e+05 2.5000000000e+03 888 1189 1190 889 885 286 887 586
4 2.8750000000e+05 2.5000000000e+03 889 1190 1191 890 886 287 888 587
4 2.8850000000e+05 2.5000000000e+03 890 1191 1192 891 887 288 889 588
4 2.8950000000e+05 2.5000000000e+03 891 1192 1193 892 888 289 890 589
4 2.9050000000e+05 2.5000000000e+03 892 1193 1194 893 889 290 891 590
4 2.9150000000e+05 2.5000000000e+03 893 1194 1195 894 890 291 892 591
4 2.9250000000e+05 2.5000000000e+03 894 1195 1196 895 891 292 893 592
4 2.9350000000e+05 2.5000000000e+03 895 1196 1197 896 892 293 894 593
4 2.9450000000e+05 2.5000000000e+03 896 1197 1198 897 893 294 895 594
4 2.9550000000e+05 2.5000000000e+03 897 1198 1199 898 894 295 896 595
4 2.9650000000e+05 2.5000000000e+03 898 1199 1200 899 895 296 897 596
4 2.9750000000e+05 2.5000000000e+03 899 1200 1201 900 896 297 898 597
4 2.9850000000e+05 2.5000000000e+03 900 1201 1202 901 897 298 899 598
4 2.9950000000e+05 2.5000000000e+03 901 1202 1203 902 898 299 -1 599
