4 5.0000000000e+02 5.0000000000e+02 0 301 302 1 -1 0 1 0
4 1.5000000000e+03 5.0000000000e+02 1 302 303 2 0 1 2 1
4 2.5000000000e+03 5.0000000000e+02 2 303 304 3 1 2 3 2
4 3.5000000000e+03 5.0000000000e+02 3 304 305 4 2 3 4 3
4 4.5000000000e+03 5.0000000000e+02 4 305 306 5 3 4 5 4
4 5.5000000000e+03 5.0000000000e+02 5 306 307 6 4 5 6 5
4 6.5000000000e+03 5.0000000000e+02 6 307 308 7 5 6 7 6
4 7.5000000000e+03 5.0000000000e+02 7 308 309 8 6 7 8 7
4 8.5000000000e+03 5.0000000000e+02 8 309 310 9 7 8 9 8
4 9.5000000000e+03 5.0000000000e+02 9 310 311 10 8 9 10 9
4 1.0500000000e+04 5.0000000000e+02 10 311 312 11 9 10 11 10
4 1.1500000000e+04 5.0000000000e+02 11 312 313 12 10 11 12 11
4 1.2500000000e+04 5.0000000000e+02 12 313 314 13 11 12 13 12
4 1.3500000000e+04 5.0000000000e+02 13 314 315 14 12 13 14 13
4 1.4500000000e+04 5.0000000000e+02 14 315 316 15 13 14 15 14
4 1.5500000000e+04 5.0000000000e+02 15 316 317 16 14 15 16 15
4 1.6500000000e+04 5.0000000000e+02 16 317 318 17 15 16 17 16
4 1.7500000000e+04 5.0000000000e+02 17 318 319 18 16 17 18 17
4 1.8500000000e+04 5.0000000000e+02 18 319 320 19 17 18 19 18
4 1.9500000000e+04 5.0000000000e+02 19 320 321 20 18 19 20 19
4 2.0500000000e+04 5.0000000000e+02 20 321 322 21 19 20 21 20
4 2.1500000000e+04 5.0000000000e+02 21 322 323 22 20 21 22 21
4 2.2500000000e+04 5.0000000000e+02 22 323 324 23 21 22 23 22
4 2.3500000000e+04 5.0000000000e+02 23 324 325 24 22 23 24 23
4 2.4500000000e+04 5.0000000000e+02 24 325 326 25 23 24 25 24
4 2.5500000000e+04 5.0000000000e+02 25 326 327 26 24 25 26 25
4 2.6500000000e+04 5.0000000000e+02 26 327 328 27 25 26 27 26
4 2.7500000000e+04 5.0000000000e+02 27 328 329 28 26 27 28 27
4 2.8500000000e+04 5.0000000000e+02 28 329 330 29 27 28 29 28
4 2.9500000000e+04 5.0000000000e+02 29 330 331 30 28 29 30 29
4 3.0500000000e+04 5.0000000000e+02 30 331 332 31 29 30 31 30
4 3.1500000000e+04 5.0000000000e+02 31 332 333 32 30 31 32 31
4 3.2500000000e+04 5.0000000000e+02 32 333 334 33 31 32 33 32
4 3.3500000000e+04 5.0000000000e+02 33 334 335 34 32 33 34 33
4 3.4500000000e+04 5.0000000000e+02 34 335 336 35 33 34 35 34
4 3.5500000000e+04 5.0000000000e+02 35 336 337 36 34 35 36 35
4 3.6500000000e+04 5.0000000000e+02 36 337 338 37 35 36 37 36
4 3.7500000000e+04 5.0000000000e+02 37 338 339 38 36 37 38 37
4 3.8500000000e+04 5.0000000000e+02 38 339 340 39 37 38 39 38
4 3.9500000000e+04 5.0000000000e+02 39 340 341 40 38 39 40 39
4 4.0500000000e+04 5.0000000000e+02 40 341 342 41 39 40 41 40
4 4.1500000000e+04 5.0000000000e+02 41 342 343 42 40 41 42 41
4 4.2500000000e+04 5.0000000000e+02 42 343 344 43 41 42 43 42
4 4.3500000000e+04 5.0000000000e+02 43 344 345 44 42 43 44 43
4 4.4500000000e+04 5.0000000000e+02 44 345 346 45 43 44 45 44
4 4.5500000000e+04 5.0000000000e+02 45 346 347 46 44 45 46 45
4 4.6500000000e+04 5.0000000000e+02 46 347 348 47 45 46 47 46
4 4.7500000000e+04 5.0000000000e+02 47 348 349 48 46 47 48 47
4 4.8500000000e+04 5.0000000000e+02 48 349 350 49 47 48 49 48
4 4.9500000000e+04 5.0000000000e+02 49 350 351 50 48 49 50 49
4 5.0500000000e+04 5.0000000000e+02 50 351 352 51 49 50 51 50
4 5.1500000000e+04 5.0000000000e+02 51 352 353 52 50 51 52 51
4 5.2500000000e+04 5.0000000000e+02 52 353 354 53 51 52 53 52
4 5.3500000000e+04 5.0000000000e+02 53 354 355 54 52 53 54 53
4 5.4500000000e+04 5.0000000000e+02 54 355 356 55 53 54 55 54
4 5.5500000000e+04 5.0000000000e+02 55 356 357 56 54 55 56 55
4 5.6500000000e+04 5.0000000000e+02 56 357 358 57 55 56 57 56
4 5.7500000000e+04 5.0000000000e+02 57 358 359 58 56 57 58 57
4 5.8500000000e+04 5.0000000000e+02 58 359 360 59 57 58 59 58
4 5.9500000000e+04 5.0000000000e+02 59 360 361 60 58 59 60 59
4 6.0500000000e+04 5.0000000000e+02 60 361 362 61 59 60 61 60
4 6.1500000000e+04 5.0000000000e+02 61 362 363 62 60 61 62 61
4 6.2500000000e+04 5.0000000000e+02 62 363 364 63 61 62 63 62
4 6.3500000000e+04 5.0000000000e+02 63 364 365 64 62 63 64 63
4 6.4500000000e+04 5.0000000000e+02 64 365 366 65 63 64 65 64
4 6.5500000000e+04 5.0000000000e+02 65 366 367 66 64 65 66 65
4 6.6500000000e+04 5.0000000000e+02 66 367 368 67 65 66 67 66
4 6.7500000000e+04 5.0000000000e+02 67 368 369 68 66 67 68 67
4 6.8500000000e+04 5.0000000000e+02 68 369 370 69 67 68 69 68
4 6.9500000000e+04 5.0000000000e+02 69 370 371 70 68 69 70 69
4 7.0500000000e+04 5.0000000000e+02 70 371 372 71 69 70 71 70
4 7.1500000000e+04 5.0000000000e+02 71 372 373 72 70 71 72 71
4 7.2500000000e+04 5.0000000000e+02 72 373 374 73 71 72 73 72
4 7.3500000000e+04 5.0000000000e+02 73 374 375 74 72 73 74 73
4 7.4500000000e+04 5.0000000000e+02 74 375 376 75 73 74 75 74
4 7.5500000000e+04 5.0000000000e+02 75 376 377 76 74 75 76 75
4 7.6500000000e+04 5.0000000000e+02 76 377 378 77 75 76 77 76
4 7.7500000000e+04 5.0000000000e+02 77 378 379 78 76 77 78 77
4 7.8500000000e+04 5.0000000000e+02 78 379 380 79 77 78 79 78
4 7.9500000000e+04 5.0000000000e+02 79 380 381 80 78 79 80 79
4 8.0500000000e+04 5.0000000000e+02 80 381 382 81 79 80 81 80
4 8.1500000000e+04 5.0000000000e+02 81 382 383 82 80 81 82 81
4 8.2500000000e+04 5.0000000000e+02 82 383 384 83 81 82 83 82
4 8.3500000000e+04 5.0000000000e+02 83 384 385 84 82 83 84 83
4 8.4500000000e+04 5.0000000000e+02 84 385 386 85 83 84 85 84
4 8.5500000000e+04 5.0000000000e+02 85 386 387 86 84 85 86 85
4 8.6500000000e+04 5.0000000000e+02 86 387 388 87 85 86 87 86
4 8.7500000000e+04 5.0000000000e+02 87 388 389 88 86 87 88 87
4 8.8500000000e+04 5.0000000000e+02 88 389 390 89 87 88 89 88
4 8.9500000000e+04 5.0000000000e+02 89 390 391 90 88 89 90 89
4 9.0500000000e+04 5.0000000000e+02 90 391 392 91 89 90 91 90
4 9.1500000000e+04 5.0000000000e+02 91 392 393 92 90 91 92 91
4 9.2500000000e+04 5.0000000000e+02 92 393 394 93 91 92 93 92
4 9.3500000000e+04 5.0000000000e+02 93 394 395 94 92 93 94 93
4 9.4500000000e+04 5.0000000000e+02 94 395 396 95 93 94 95 94
4 9.5500000000e+04 5.0000000000e+02 95 396 397 96 94 95 96 95
4 9.6500000000e+04 5.0000000000e+02 96 397 398 97 95 96 97 96
4 9.7500000000e+04 5.0000000000e+02 97 398 399 98 96 97 98 97
4 9.8500000000e+04 5.0000000000e+02 98 399 400 99 97 98 99 98
4 9.9500000000e+04 5.0000000000e+02 99 400 401 100 98 99 100 99
4 1.0050000000e+05 5.0000000000e+02 100 401 402 101 99 100 101 100
4 1.0150000000e+05 5.0000000000e+02 101 402 403 102 100 101 102 101
4 1.0250000000e+05 5.0000000000e+02 102 403 404 103 101 102 103 102
4 1.0350000000e+05 5.0000000000e+02 103 404 405 104 102 103 104 103
4 1.0450000000e+05 5.0000000000e+02 104 405 406 105 103 104 105 104
4 1.0550000000e+05 5.0000000000e+02 105 406 407 106 104 105 106 105
4 1.0650000000e+05 5.0000000000e+02 106 407 408 107 105 106 107 106
4 1.0750000000e+05 5.0000000000e+02 107 408 409 108 106 107 108 107
4 1.0850000000e+05 5.0000000000e+02 108 409 410 109 107 108 109 108
4 1.0950000000e+05 5.0000000000e+02 109 410 411 110 108 109 110 109
4 1.1050000000e+05 5.0000000000e+02 110 411 412 111 109 110 111 110
4 1.1150000000e+05 5.0000000000e+02 111 412 413 112 110 111 112 111
4 1.1250000000e+05 5.0000000000e+02 112 413 414 113 111 112 113 112
4 1.1350000000e+05 5.0000000000e+02 113 414 415 114 112 113 114 113
4 1.1450000000e+05 5.0000000000e+02 114 415 416 115 113 114 115 114
4 1.1550000000e+05 5.0000000000e+02 115 416 417 116 114 115 116 115
4 1.1650000000e+05 5.0000000000e+02 116 417 418 117 115 116 117 116
4 1.1750000000e+05 5.0000000000e+02 117 418 419 118 116 117 118 117
4 1.1850000000e+05 5.0000000000e+02 118 419 420 119 117 118 119 118
4 1.1950000000e+05 5.0000000000e+02 119 420 421 120 118 119 120 119
4 1.2050000000e+05 5.0000000000e+02 120 421 422 121 119 120 121 120
4 1.2150000000e+05 5.0000000000e+02 121 422 423 122 120 121 122 121
4 1.2250000000e+05 5.0000000000e+02 122 423 424 123 121 122 123 122
4 1.2350000000e+05 5.0000000000e+02 123 424 425 124 122 123 124 123
4 1.2450000000e+05 5.0000000000e+02 124 425 426 125 123 124 125 124
4 1.2550000000e+05 5.0000000000e+02 125 426 427 126 124 125 126 125
4 1.2650000000e+05 5.0000000000e+02 126 427 428 127 125 126 127 126
4 1.2750000000e+05 5.0000000000e+02 127 428 429 128 126 127 128 127
4 1.2850000000e+05 5.0000000000e+02 128 429 430 129 127 128 129 128
4 1.2950000000e+05 5.0000000000e+02 129 430 431 130 128 129 130 129
4 1.3050000000e+05 5.0000000000e+02 130 431 432 131 129 130 131 130
4 1.3150000000e+05 5.0000000000e+02 131 432 433 132 130 131 132 131
4 1.3250000000e+05 5.0000000000e+02 132 433 434 133 131 132 133 132
4 1.3350000000e+05 5.0000000000e+02 133 434 435 134 132 133 134 133
4 1.3450000000e+05 5.0000000000e+02 134 435 436 135 133 134 135 134
4 1.3550000000e+05 5.0000000000e+02 135 436 437 136 134 135 136 135
4 1.3650000000e+05 5.0000000000e+02 136 437 438 137 135 136 137 136
4 1.3750000000e+05 5.0000000000e+02 137 438 439 138 136 137 138 137
4 1.3850000000e+05 5.0000000000e+02 138 439 440 139 137 138 139 138
4 1.3950000000e+05 5.0000000000e+02 139 440 441 140 138 139 140 139
4 1.4050000000e+05 5.0000000000e+02 140 441 442 141 139 140 141 140
4 1.4150000000e+05 5.0000000000e+02 141 442 443 142 140 141 142 141
4 1.4250000000e+05 5.0000000000e+02 142 443 444 143 141 142 143 142
4 1.4350000000e+05 5.0000000000e+02 143 444 445 144 142 143 144 143
4 1.4450000000e+05 5.0000000000e+02 144 445 446 145 143 144 145 144
4 1.4550000000e+05 5.0000000000e+02 145 446 447 146 144 145 146 145
4 1.4650000000e+05 5.0000000000e+02 146 447 448 147 145 146 147 146
4 1.4750000000e+05 5.0000000000e+02 147 448 449 148 146 147 148 147
4 1.4850000000e+05 5.0000000000e+02 148 449 450 149 147 148 149 148
4 1.4950000000e+05 5.0000000000e+02 149 450 451 150 148 149 150 149
4 1.5050000000e+05 5.0000000000e+02 150 451 452 151 149 150 151 150
4 1.5150000000e+05 5.0000000000e+02 151 452 453 152 150 151 152 151
4 1.5250000000e+05 5.0000000000e+02 152 453 454 153 151 152 153 152
4 1.5350000000e+05 5.0000000000e+02 153 454 455 154 152 153 154 153
4 1.5450000000e+05 5.0000000000e+02 154 455 456 155 153 154 155 154
4 1.5550000000e+05 5.0000000000e+02 155 456 457 156 154 155 156 155
4 1.5650000000e+05 5.0000000000e+02 156 457 458 157 155 156 157 156
4 1.5750000000e+05 5.0000000000e+02 157 458 459 158 156 157 158 157
4 1.5850000000e+05 5.0000000000e+02 158 459 460 159 157 158 159 158
4 1.5950000000e+05 5.0000000000e+02 159 460 461 160 158 159 160 159
4 1.6050000000e+05 5.0000000000e+02 160 461 462 161 159 160 161 160
4 1.6150000000e+05 5.0000000000e+02 161 462 463 162 160 161 162 161
4 1.6250000000e+05 5.0000000000e+02 162 463 464 163 161 162 163 162
4 1.6350000000e+05 5.0000000000e+02 163 464 465 164 162 163 164 163
4 1.6450000000e+05 5.0000000000e+02 164 465 466 165 163 164 165 164
4 1.6550000000e+05 5.0000000000e+02 165 466 467 166 164 165 166 165
4 1.6650000000e+05 5.0000000000e+02 166 467 468 167 165 166 167 166
4 1.6750000000e+05 5.0000000000e+02 167 468 469 168 166 167 168 167
4 1.6850000000e+05 5.0000000000e+02 168 469 470 169 167 168 169 168
4 1.6950000000e+05 5.0000000000e+02 169 470 471 170 168 169 170 169
4 1.7050000000e+05 5.0000000000e+02 170 471 472 171 169 170 171 170
4 1.7150000000e+05 5.0000000000e+02 171 472 473 172 170 171 172 171
4 1.7250000000e+05 5.0000000000e+02 172 473 474 173 171 172 173 172
4 1.7350000000e+05 5.0000000000e+02 173 474 475 174 172 173 174 173
4 1.7450000000e+05 5.0000000000e+02 174 475 476 175 173 174 175 174
4 1.7550000000e+05 5.0000000000e+02 175 476 477 176 174 175 176 175
4 1.7650000000e+05 5.0000000000e+02 176 477 478 177 175 176 177 176
4 1.7750000000e+05 5.0000000000e+02 177 478 479 178 176 177 178 177
4 1.7850000000e+05 5.0000000000e+02 178 479 480 179 177 178 179 178
4 1.7950000000e+05 5.0000000000e+02 179 480 481 180 178 179 180 179
4 1.8050000000e+05 5.0000000000e+02 180 481 482 181 179 180 181 180
4 1.8150000000e+05 5.0000000000e+02 181 482 483 182 180 181 182 181
4 1.8250000000e+05 5.0000000000e+02 182 483 484 183 181 182 183 182
4 1.8350000000e+05 5.0000000000e+02 183 484 485 184 182 183 184 183
4 1.8450000000e+05 5.0000000000e+02 184 485 486 185 183 184 185 184
4 1.8550000000e+05 5.0000000000e+02 185 486 487 186 184 185 186 185
4 1.8650000000e+05 5.0000000000e+02 186 487 488 187 185 186 187 186
4 1.8750000000e+05 5.0000000000e+02 187 488 489 188 186 187 188 187
4 1.8850000000e+05 5.0000000000e+02 188 489 490 189 187 188 189 188
4 1.8950000000e+05 5.0000000000e+02 189 490 491 190 188 189 190 189
4 1.9050000000e+05 5.0000000000e+02 190 491 492 191 189 190 191 190
4 1.9150000000e+05 5.0000000000e+02 191 492 493 192 190 191 192 191
4 1.9250000000e+05 5.0000000000e+02 192 493 494 193 191 192 193 192
4 1.9350000000e+05 5.0000000000e+02 193 494 495 194 192 193 194 193
4 1.9450000000e+05 5.0000000000e+02 194 495 496 195 193 194 195 194
4 1.9550000000e+05 5.0000000000e+02 195 496 497 196 194 195 196 195
4 1.9650000000e+05 5.0000000000e+02 196 497 498 197 195 196 197 196
4 1.9750000000e+05 5.0000000000e+02 197 498 499 198 196 197 198 197
4 1.9850000000e+05 5.0000000000e+02 198 499 500 199 197 198 199 198
4 1.9950000000e+05 5.0000000000e+02 199 500 501 200 198 199 200 199
4 2.0050000000e+05 5.0000000000e+02 200 501 502 201 199 200 201 200
4 2.0150000000e+05 5.0000000000e+02 201 502 503 202 200 201 202 201
4 2.0250000000e+05 5.0000000000e+02 202 503 504 203 201 202 203 202
4 2.0350000000e+05 5.0000000000e+02 203 504 505 204 202 203 204 203
4 2.0450000000e+05 5.0000000000e+02 204 505 506 205 203 204 205 204
4 2.0550000000e+05 5.0000000000e+02 205 506 507 206 204 205 206 205
4 2.0650000000e+05 5.0000000000e+02 206 507 508 207 205 206 207 206
4 2.0750000000e+05 5.0000000000e+02 207 508 509 208 206 207 208 207
4 2.0850000000e+05 5.0000000000e+02 208 509 510 209 207 208 209 208
4 2.0950000000e+05 5.0000000000e+02 209 510 511 210 208 209 210 209
4 2.1050000000e+05 5.0000000000e+02 210 511 512 211 209 210 211 210
4 2.1150000000e+05 5.0000000000e+02 211 512 513 212 210 211 212 211
4 2.1250000000e+05 5.0000000000e+02 212 513 514 213 211 212 213 212
4 2.1350000000e+05 5.0000000000e+02 213 514 515 214 212 213 214 213
4 2.1450000000e+05 5.0000000000e+02 214 515 516 215 213 214 215 214
4 2.1550000000e+05 5.0000000000e+02 215 516 517 216 214 215 216 215
4 2.1650000000e+05 5.0000000000e+02 216 517 518 217 215 216 217 216
4 2.1750000000e+05 5.0000000000e+02 217 518 519 218 216 217 218 217
4 2.1850000000e+05 5.0000000000e+02 218 519 520 219 217 218 219 218
4 2.1950000000e+05 5.0000000000e+02 219 520 521 220 218 219 220 219
4 2.2050000000e+05 5.0000000000e+02 220 521 522 221 219 220 221 220
4 2.2150000000e+05 5.0000000000e+02 221 522 523 222 220 221 222 221
4 2.2250000000e+05 5.0000000000e+02 222 523 524 223 221 222 223 222
4 2.2350000000e+05 5.0000000000e+02 223 524 525 224 222 223 224 223
4 2.2450000000e+05 5.0000000000e+02 224 525 526 225 223 224 225 224
4 2.2550000000e+05 5.0000000000e+02 225 526 527 226 224 225 226 225
4 2.2650000000e+05 5.0000000000e+02 226 527 528 227 225 226 227 226
4 2.2750000000e+05 5.0000000000e+02 227 528 529 228 226 227 228 227
4 2.2850000000e+05 5.0000000000e+02 228 529 530 229 227 228 229 228
4 2.2950000000e+05 5.0000000000e+02 229 530 531 230 228 229 230 229
4 2.3050000000e+05 5.0000000000e+02 230 531 532 231 229 230 231 230
4 2.3150000000e+05 5.0000000000e+02 231 532 533 232 230 231 232 231
4 2.3250000000e+05 5.0000000000e+02 232 533 534 233 231 232 233 232
4 2.3350000000e+05 5.0000000000e+02 233 534 535 234 232 233 234 233
4 2.3450000000e+05 5.0000000000e+02 234 535 536 235 233 234 235 234
4 2.3550000000e+05 5.0000000000e+02 235 536 537 236 234 235 236 235
4 2.3650000000e+05 5.0000000000e+02 236 537 538 237 235 236 237 236
4 2.3750000000e+05 5.0000000000e+02 237 538 539 238 236 237 238 237
4 2.3850000000e+05 5.0000000000e+02 238 539 540 239 237 238 239 238
4 2.3950000000e+05 5.0000000000e+02 239 540 541 240 238 239 240 239
4 2.4050000000e+05 5.0000000000e+02 240 541 542 241 239 240 241 240
4 2.4150000000e+05 5.0000000000e+02 241 542 543 242 240 241 242 241
4 2.4250000000e+05 5.0000000000e+02 242 543 544 243 241 242 243 242
4 2.4350000000e+05 5.0000000000e+02 243 544 545 244 242 243 244 243
4 2.4450000000e+05 5.0000000000e+02 244 545 546 245 243 244 245 244
4 2.4550000000e+05 5.0000000000e+02 245 546 547 246 244 245 246 245
4 2.4650000000e+05 5.0000000000e+02 246 547 548 247 245 246 247 246
4 2.4750000000e+05 5.0000000000e+02 247 548 549 248 246 247 248 247
4 2.4850000000e+05 5.0000000000e+02 248 549 550 249 247 248 249 248
4 2.4950000000e+05 5.0000000000e+02 249 550 551 250 248 249 250 249
4 2.5050000000e+05 5.0000000000e+02 250 551 552 251 249 250 251 250
4 2.5150000000e+05 5.0000000000e+02 251 552 553 252 250 251 252 251
4 2.5250000000e+05 5.0000000000e+02 252 553 554 253 251 252 253 252
4 2.5350000000e+05 5.0000000000e+02 253 554 555 254 252 253 254 253
4 2.5450000000e+05 5.0000000000e+02 254 555 556 255 253 254 255 254
4 2.5550000000e+05 5.0000000000e+02 255 556 557 256 254 255 256 255
4 2.5650000000e+05 5.0000000000e+02 256 557 558 257 255 256 257 256
4 2.5750000000e+05 5.0000000000e+02 257 558 559 258 256 257 258 257
4 2.5850000000e+05 5.0000000000e+02 258 559 560 259 257 258 259 258
4 2.5950000000e+05 5.0000000000e+02 259 560 561 260 258 259 260 259
4 2.6050000000e+05 5.0000000000e+02 260 561 562 261 259 260 261 260
4 2.6150000000e+05 5.0000000000e+02 261 562 563 262 260 261 262 261
4 2.6250000000e+05 5.0000000000e+02 262 563 564 263 261 262 263 262
4 2.6350000000e+05 5.0000000000e+02 263 564 565 264 262 263 264 263
4 2.6450000000e+05 5.0000000000e+02 264 565 566 265 263 264 265 264
4 2.6550000000e+05 5.0000000000e+02 265 566 567 266 264 265 266 265
4 2.6650000000e+05 5.0000000000e+02 266 567 568 267 265 266 267 266
4 2.6750000000e+05 5.0000000000e+02 267 568 569 268 266 267 268 267
4 2.6850000000e+05 5.0000000000e+02 268 569 570 269 267 268 269 268
4 2.6950000000e+05 5.0000000000e+02 269 570 571 270 268 269 270 269
4 2.7050000000e+05 5.0000000000e+02 270 571 572 271 269 270 271 270
4 2.7150000000e+05 5.0000000000e+02 271 572 573 272 270 271 272 271
4 2.7250000000e+05 5.0000000000e+02 272 573 574 273 271 272 273 272
4 2.7350000000e+05 5.0000000000e+02 273 574 575 274 272 273 274 273
4 2.7450000000e+05 5.0000000000e+02 274 575 576 275 273 274 275 274
4 2.7550000000e+05 5.0000000000e+02 275 576 577 276 274 275 276 275
4 2.7650000000e+05 5.0000000000e+02 276 577 578 277 275 276 277 276
4 2.7750000000e+05 5.0000000000e+02 277 578 579 278 276 277 278 277
4 2.7850000000e+05 5.0000000000e+02 278 579 580 279 277 278 279 278
4 2.7950000000e+05 5.0000000000e+02 279 580 581 280 278 279 280 279
4 2.8050000000e+05 5.0000000000e+02 280 581 582 281 279 280 281 280
4 2.8150000000e+05 5.0000000000e+02 281 582 583 282 280 281 282 281
4 2.8250000000e+05 5.0000000000e+02 282 583 584 283 281 282 283 282
4 2.8350000000e+05 5.0000000000e+02 283 584 585 284 282 283 284 283
4 2.8450000000e+05 5.0000000000e+02 284 585 586 285 283 284 285 284
4 2.8550000000e+05 5.0000000000e+02 285 586 587 286 284 285 286 285
4 2.8650000000e+05 5.0000000000e+02 286 587 588 287 285 286 287 286
4 2.8750000000e+05 5.0000000000e+02 287 588 589 288 286 287 288 287
4 2.8850000000e+05 5.0000000000e+02 288 589 590 289 287 288 289 288
4 2.8950000000e+05 5.0000000000e+02 289 590 591 290 288 289 290 289
4 2.9050000000e+05 5.0000000000e+02 290 591 592 291 289 290 291 290
4 2.9150000000e+05 5.0000000000e+02 291 592 593 292 290 291 292 291
4 2.9250000000e+05 5.0000000000e+02 292 593 594 293 291 292 293 292
4 2.9350000000e+05 5.0000000000e+02 293 594 595 294 292 293 294 293
4 2.9450000000e+05 5.0000000000e+02 294 595 596 295 293 294 295 294
4 2.9550000000e+05 5.0000000000e+02 295 596 597 296 294 295 296 295
4 2.9650000000e+05 5.0000000000e+02 296 597 598 297 295 296 297 296
4 2.9750000000e+05 5.0000000000e+02 297 598 599 298 296 297 298 297
4 2.9850000000e+05 5.0000000000e+02 298 599 600 299 297 298 299 298
4 2.9950000000e+05 5.0000000000e+02 299 600 601 300 298 299 -1 299
