0 301 1 0 -1
1 302 0 0 1
2 303 0 1 2
3 304 0 2 3
4 305 0 3 4
5 306 0 4 5
6 307 0 5 6
7 308 0 6 7
8 309 0 7 8
9 310 0 8 9
10 311 0 9 10
11 312 0 10 11
12 313 0 11 12
13 314 0 12 13
14 315 0 13 14
15 316 0 14 15
16 317 0 15 16
17 318 0 16 17
18 319 0 17 18
19 320 0 18 19
20 321 0 19 20
21 322 0 20 21
22 323 0 21 22
23 324 0 22 23
24 325 0 23 24
25 326 0 24 25
26 327 0 25 26
27 328 0 26 27
28 329 0 27 28
29 330 0 28 29
30 331 0 29 30
31 332 0 30 31
32 333 0 31 32
33 334 0 32 33
34 335 0 33 34
35 336 0 34 35
36 337 0 35 36
37 338 0 36 37
38 339 0 37 38
39 340 0 38 39
40 341 0 39 40
41 342 0 40 41
42 343 0 41 42
43 344 0 42 43
44 345 0 43 44
45 346 0 44 45
46 347 0 45 46
47 348 0 46 47
48 349 0 47 48
49 350 0 48 49
50 351 0 49 50
51 352 0 50 51
52 353 0 51 52
53 354 0 52 53
54 355 0 53 54
55 356 0 54 55
56 357 0 55 56
57 358 0 56 57
58 359 0 57 58
59 360 0 58 59
60 361 0 59 60
61 362 0 60 61
62 363 0 61 62
63 364 0 62 63
64 365 0 63 64
65 366 0 64 65
66 367 0 65 66
67 368 0 66 67
68 369 0 67 68
69 370 0 68 69
70 371 0 69 70
71 372 0 70 71
72 373 0 71 72
73 374 0 72 73
74 375 0 73 74
75 376 0 74 75
76 377 0 75 76
77 378 0 76 77
78 379 0 77 78
79 380 0 78 79
80 381 0 79 80
81 382 0 80 81
82 383 0 81 82
83 384 0 82 83
84 385 0 83 84
85 386 0 84 85
86 387 0 85 86
87 388 0 86 87
88 389 0 87 88
89 390 0 88 89
90 391 0 89 90
91 392 0 90 91
92 393 0 91 92
93 394 0 92 93
94 395 0 93 94
95 396 0 94 95
96 397 0 95 96
97 398 0 96 97
98 399 0 97 98
99 400 0 98 99
100 401 0 99 100
101 402 0 100 101
102 403 0 101 102
103 404 0 102 103
104 405 0 103 104
105 406 0 104 105
106 407 0 105 106
107 408 0 106 107
108 409 0 107 108
109 410 0 108 109
110 411 0 109 110
111 412 0 110 111
112 413 0 111 112
113 414 0 112 113
114 415 0 113 114
115 416 0 114 115
116 417 0 115 116
117 418 0 116 117
118 419 0 117 118
119 420 0 118 119
120 421 0 119 120
121 422 0 120 121
122 423 0 121 122
123 424 0 122 123
124 425 0 123 124
125 426 0 124 125
126 427 0 125 126
127 428 0 126 127
128 429 0 127 128
129 430 0 128 129
130 431 0 129 130
131 432 0 130 131
132 433 0 131 132
133 434 0 132 133
134 435 0 133 134
135 436 0 134 135
136 437 0 135 136
137 438 0 136 137
138 439 0 137 138
139 440 0 138 139
140 441 0 139 140
141 442 0 140 141
142 443 0 141 142
143 444 0 142 143
144 445 0 143 144
145 446 0 144 145
146 447 0 145 146
147 448 0 146 147
148 449 0 147 148
149 450 0 148 149
150 451 0 149 150
151 452 0 150 151
152 453 0 151 152
153 454 0 152 153
154 455 0 153 154
155 456 0 154 155
156 457 0 155 156
157 458 0 156 157
158 459 0 157 158
159 460 0 158 159
160 461 0 159 160
161 462 0 160 161
162 463 0 161 162
163 464 0 162 163
164 465 0 163 164
165 466 0 164 165
166 467 0 165 166
167 468 0 166 167
168 469 0 167 168
169 470 0 168 169
170 471 0 169 170
171 472 0 170 171
172 473 0 171 172
173 474 0 172 173
174 475 0 173 174
175 476 0 174 175
176 477 0 175 176
177 478 0 176 177
178 479 0 177 178
179 480 0 178 179
180 481 0 179 180
181 482 0 180 181
182 483 0 181 182
183 484 0 182 183
184 485 0 183 184
185 486 0 184 185
186 487 0 185 186
187 488 0 186 187
188 489 0 187 188
189 490 0 188 189
190 491 0 189 190
191 492 0 190 191
192 493 0 191 192
193 494 0 192 193
194 495 0 193 194
195 496 0 194 195
196 497 0 195 196
197 498 0 196 197
198 499 0 197 198
199 500 0 198 199
200 501 0 199 200
201 502 0 200 201
202 503 0 201 202
203 504 0 202 203
204 505 0 203 204
205 506 0 204 205
206 507 0 205 206
207 508 0 206 207
208 509 0 207 208
209 510 0 208 209
210 511 0 209 210
211 512 0 210 211
212 513 0 211 212
213 514 0 212 213
214 515 0 213 214
215 516 0 214 215
216 517 0 215 216
217 518 0 216 217
218 519 0 217 218
219 520 0 218 219
220 521 0 219 220
221 522 0 220 221
222 523 0 221 222
223 524 0 222 223
224 525 0 223 224
225 526 0 224 225
226 527 0 225 226
227 528 0 226 227
228 529 0 227 228
229 530 0 228 229
230 531 0 229 230
231 532 0 230 231
232 533 0 231 232
233 534 0 232 233
234 535 0 233 234
235 536 0 234 235
236 537 0 235 236
237 538 0 236 237
238 539 0 237 238
239 540 0 238 239
240 541 0 239 240
241 542 0 240 241
242 543 0 241 242
243 544 0 242 243
244 545 0 243 244
245 546 0 244 245
246 547 0 245 246
247 548 0 246 247
248 549 0 247 248
249 550 0 248 249
250 551 0 249 250
251 552 0 250 251
252 553 0 251 252
253 554 0 252 253
254 555 0 253 254
255 556 0 254 255
256 557 0 255 256
257 558 0 256 257
258 559 0 257 258
259 560 0 258 259
260 561 0 259 260
261 562 0 260 261
262 563 0 261 262
263 564 0 262 263
264 565 0 263 264
265 566 0 264 265
266 567 0 265 266
267 568 0 266 267
268 569 0 267 268
269 570 0 268 269
270 571 0 269 270
271 572 0 270 271
272 573 0 271 272
273 574 0 272 273
274 575 0 273 274
275 576 0 274 275
276 577 0 275 276
277 578 0 276 277
278 579 0 277 278
279 580 0 278 279
280 581 0 279 280
281 582 0 280 281
282 583 0 281 282
283 584 0 282 283
284 585 0 283 284
285 586 0 284 285
286 587 0 285 286
287 588 0 286 287
288 589 0 287 288
289 590 0 288 289
290 591 0 289 290
291 592 0 290 291
292 593 0 291 292
293 594 0 292 293
294 595 0 293 294
295 596 0 294 295
296 597 0 295 296
297 598 0 296 297
298 599 0 297 298
299 600 0 298 299
300 601 1 299 -1
301 602 1 300 -1
302 603 0 300 301
303 604 0 301 302
304 605 0 302 303
305 606 0 303 304
306 607 0 304 305
307 608 0 305 306
308 609 0 306 307
309 610 0 307 308
310 611 0 308 309
311 612 0 309 310
312 613 0 310 311
313 614 0 311 312
314 615 0 312 313
315 616 0 313 314
316 617 0 314 315
317 618 0 315 316
318 619 0 316 317
319 620 0 317 318
320 621 0 318 319
321 622 0 319 320
322 623 0 320 321
323 624 0 321 322
324 625 0 322 323
325 626 0 323 324
326 627 0 324 325
327 628 0 325 326
328 629 0 326 327
329 630 0 327 328
330 631 0 328 329
331 632 0 329 330
332 633 0 330 331
333 634 0 331 332
334 635 0 332 333
335 636 0 333 334
336 637 0 334 335
337 638 0 335 336
338 639 0 336 337
339 640 0 337 338
340 641 0 338 339
341 642 0 339 340
342 643 0 340 341
343 644 0 341 342
344 645 0 342 343
345 646 0 343 344
346 647 0 344 345
347 648 0 345 346
348 649 0 346 347
349 650 0 347 348
350 651 0 348 349
351 652 0 349 350
352 653 0 350 351
353 654 0 351 352
354 655 0 352 353
355 656 0 353 354
356 657 0 354 355
357 658 0 355 356
358 659 0 356 357
359 660 0 357 358
360 661 0 358 359
361 662 0 359 360
362 663 0 360 361
363 664 0 361 362
364 665 0 362 363
365 666 0 363 364
366 667 0 364 365
367 668 0 365 366
368 669 0 366 367
369 670 0 367 368
370 671 0 368 369
371 672 0 369 370
372 673 0 370 371
373 674 0 371 372
374 675 0 372 373
375 676 0 373 374
376 677 0 374 375
377 678 0 375 376
378 679 0 376 377
379 680 0 377 378
380 681 0 378 379
381 682 0 379 380
382 683 0 380 381
383 684 0 381 382
384 685 0 382 383
385 686 0 383 384
386 687 0 384 385
387 688 0 385 386
388 689 0 386 387
389 690 0 387 388
390 691 0 388 389
391 692 0 389 390
392 693 0 390 391
393 694 0 391 392
394 695 0 392 393
395 696 0 393 394
396 697 0 394 395
397 698 0 395 396
398 699 0 396 397
399 700 0 397 398
400 701 0 398 399
401 702 0 399 400
402 703 0 400 401
403 704 0 401 402
404 705 0 402 403
405 706 0 403 404
406 707 0 404 405
407 708 0 405 406
408 709 0 406 407
409 710 0 407 408
410 711 0 408 409
411 712 0 409 410
412 713 0 410 411
413 714 0 411 412
414 715 0 412 413
415 716 0 413 414
416 717 0 414 415
417 718 0 415 416
418 719 0 416 417
419 720 0 417 418
420 721 0 418 419
421 722 0 419 420
422 723 0 420 421
423 724 0 421 422
424 725 0 422 423
425 726 0 423 424
426 727 0 424 425
427 728 0 425 426
428 729 0 426 427
429 730 0 427 428
430 731 0 428 429
431 732 0 429 430
432 733 0 430 431
433 734 0 431 432
434 735 0 432 433
435 736 0 433 434
436 737 0 434 435
437 738 0 435 436
438 739 0 436 437
439 740 0 437 438
440 741 0 438 439
441 742 0 439 440
442 743 0 440 441
443 744 0 441 442
444 745 0 442 443
445 746 0 443 444
446 747 0 444 445
447 748 0 445 446
448 749 0 446 447
449 750 0 447 448
450 751 0 448 449
451 752 0 449 450
452 753 0 450 451
453 754 0 451 452
454 755 0 452 453
455 756 0 453 454
456 757 0 454 455
457 758 0 455 456
458 759 0 456 457
459 760 0 457 458
460 761 0 458 459
461 762 0 459 460
462 763 0 460 461
463 764 0 461 462
464 765 0 462 463
465 766 0 463 464
466 767 0 464 465
467 768 0 465 466
468 769 0 466 467
469 770 0 467 468
470 771 0 468 469
471 772 0 469 470
472 773 0 470 471
473 774 0 471 472
474 775 0 472 473
475 776 0 473 474
476 777 0 474 475
477 778 0 475 476
478 779 0 476 477
479 780 0 477 478
480 781 0 478 479
481 782 0 479 480
482 783 0 480 481
483 784 0 481 482
484 785 0 482 483
485 786 0 483 484
486 787 0 484 485
487 788 0 485 486
488 789 0 486 487
489 790 0 487 488
490 791 0 488 489
491 792 0 489 490
492 793 0 490 491
493 794 0 491 492
494 795 0 492 493
495 796 0 493 494
496 797 0 494 495
497 798 0 495 496
498 799 0 496 497
499 800 0 497 498
500 801 0 498 499
501 802 0 499 500
502 803 0 500 501
503 804 0 501 502
504 805 0 502 503
505 806 0 503 504
506 807 0 504 505
507 808 0 505 506
508 809 0 506 507
509 810 0 507 508
510 811 0 508 509
511 812 0 509 510
512 813 0 510 511
513 814 0 511 512
514 815 0 512 513
515 816 0 513 514
516 817 0 514 515
517 818 0 515 516
518 819 0 516 517
519 820 0 517 518
520 821 0 518 519
521 822 0 519 520
522 823 0 520 521
523 824 0 521 522
524 825 0 522 523
525 826 0 523 524
526 827 0 524 525
527 828 0 525 526
528 829 0 526 527
529 830 0 527 528
530 831 0 528 529
531 832 0 529 530
532 833 0 530 531
533 834 0 531 532
534 835 0 532 533
535 836 0 533 534
536 837 0 534 535
537 838 0 535 536
538 839 0 536 537
539 840 0 537 538
540 841 0 538 539
541 842 0 539 540
542 843 0 540 541
543 844 0 541 542
544 845 0 542 543
545 846 0 543 544
546 847 0 544 545
547 848 0 545 546
548 849 0 546 547
549 850 0 547 548
550 851 0 548 549
551 852 0 549 550
552 853 0 550 551
553 854 0 551 552
554 855 0 552 553
555 856 0 553 554
556 857 0 554 555
557 858 0 555 556
558 859 0 556 557
559 860 0 557 558
560 861 0 558 559
561 862 0 559 560
562 863 0 560 561
563 864 0 561 562
564 865 0 562 563
565 866 0 563 564
566 867 0 564 565
567 868 0 565 566
568 869 0 566 567
569 870 0 567 568
570 871 0 568 569
571 872 0 569 570
572 873 0 570 571
573 874 0 571 572
574 875 0 572 573
575 876 0 573 574
576 877 0 574 575
577 878 0 575 576
578 879 0 576 577
579 880 0 577 578
580 881 0 578 579
581 882 0 579 580
582 883 0 580 581
583 884 0 581 582
584 885 0 582 583
585 886 0 583 584
586 887 0 584 585
587 888 0 585 586
588 889 0 586 587
589 890 0 587 588
590 891 0 588 589
591 892 0 589 590
592 893 0 590 591
593 894 0 591 592
594 895 0 592 593
595 896 0 593 594
596 897 0 594 595
597 898 0 595 596
598 899 0 596 597
599 900 0 597 598
600 901 0 598 599
601 902 1 599 -1
602 903 1 600 -1
603 904 0 600 601
604 905 0 601 602
605 906 0 602 603
606 907 0 603 604
607 908 0 604 605
608 909 0 605 606
609 910 0 606 607
610 911 0 607 608
611 912 0 608 609
612 913 0 609 610
613 914 0 610 611
614 915 0 611 612
615 916 0 612 613
616 917 0 613 614
617 918 0 614 615
618 919 0 615 616
619 920 0 616 617
620 921 0 617 618
621 922 0 618 619
622 923 0 619 620
623 924 0 620 621
624 925 0 621 622
625 926 0 622 623
626 927 0 623 624
627 928 0 624 625
628 929 0 625 626
629 930 0 626 627
630 931 0 627 628
631 932 0 628 629
632 933 0 629 630
633 934 0 630 631
634 935 0 631 632
635 936 0 632 633
636 937 0 633 634
637 938 0 634 635
638 939 0 635 636
639 940 0 636 637
640 941 0 637 638
641 942 0 638 639
642 943 0 639 640
643 944 0 640 641
644 945 0 641 642
645 946 0 642 643
646 947 0 643 644
647 948 0 644 645
648 949 0 645 646
649 950 0 646 647
650 951 0 647 648
651 952 0 648 649
652 953 0 649 650
653 954 0 650 651
654 955 0 651 652
655 956 0 652 653
656 957 0 653 654
657 958 0 654 655
658 959 0 655 656
659 960 0 656 657
660 961 0 657 658
661 962 0 658 659
662 963 0 659 660
663 964 0 660 661
664 965 0 661 662
665 966 0 662 663
666 967 0 663 664
667 968 0 664 665
668 969 0 665 666
669 970 0 666 667
670 971 0 667 668
671 972 0 668 669
672 973 0 669 670
673 974 0 670 671
674 975 0 671 672
675 976 0 672 673
676 977 0 673 674
677 978 0 674 675
678 979 0 675 676
679 980 0 676 677
680 981 0 677 678
681 982 0 678 679
682 983 0 679 680
683 984 0 680 681
684 985 0 681 682
685 986 0 682 683
686 987 0 683 684
687 988 0 684 685
688 989 0 685 686
689 990 0 686 687
690 991 0 687 688
691 992 0 688 689
692 993 0 689 690
693 994 0 690 691
694 995 0 691 692
695 996 0 692 693
696 997 0 693 694
697 998 0 694 695
698 999 0 695 696
699 1000 0 696 697
700 1001 0 697 698
701 1002 0 698 699
702 1003 0 699 700
703 1004 0 700 701
704 1005 0 701 702
705 1006 0 702 703
706 1007 0 703 704
707 1008 0 704 705
708 1009 0 705 706
709 1010 0 706 707
710 1011 0 707 708
711 1012 0 708 709
712 1013 0 709 710
713 1014 0 710 711
714 1015 0 711 712
715 1016 0 712 713
716 1017 0 713 714
717 1018 0 714 715
718 1019 0 715 716
719 1020 0 716 717
720 1021 0 717 718
721 1022 0 718 719
722 1023 0 719 720
723 1024 0 720 721
724 1025 0 721 722
725 1026 0 722 723
726 1027 0 723 724
727 1028 0 724 725
728 1029 0 725 726
729 1030 0 726 727
730 1031 0 727 728
731 1032 0 728 729
732 1033 0 729 730
733 1034 0 730 731
734 1035 0 731 732
735 1036 0 732 733
736 1037 0 733 734
737 1038 0 734 735
738 1039 0 735 736
739 1040 0 736 737
740 1041 0 737 738
741 1042 0 738 739
742 1043 0 739 740
743 1044 0 740 741
744 1045 0 741 742
745 1046 0 742 743
746 1047 0 743 744
747 1048 0 744 745
748 1049 0 745 746
749 1050 0 746 747
750 1051 0 747 748
751 1052 0 748 749
752 1053 0 749 750
753 1054 0 750 751
754 1055 0 751 752
755 1056 0 752 753
756 1057 0 753 754
757 1058 0 754 755
758 1059 0 755 756
759 1060 0 756 757
760 1061 0 757 758
761 1062 0 758 759
762 1063 0 759 760
763 1064 0 760 761
764 1065 0 761 762
765 1066 0 762 763
766 1067 0 763 764
767 1068 0 764 765
768 1069 0 765 766
769 1070 0 766 767
770 1071 0 767 768
771 1072 0 768 769
772 1073 0 769 770
773 1074 0 770 771
774 1075 0 771 772
775 1076 0 772 773
776 1077 0 773 774
777 1078 0 774 775
778 1079 0 775 776
779 1080 0 776 777
780 1081 0 777 778
781 1082 0 778 779
782 1083 0 779 780
783 1084 0 780 781
784 1085 0 781 782
785 1086 0 782 783
786 1087 0 783 784
787 1088 0 784 785
788 1089 0 785 786
789 1090 0 786 787
790 1091 0 787 788
791 1092 0 788 789
792 1093 0 789 790
793 1094 0 790 791
794 1095 0 791 792
795 1096 0 792 793
796 1097 0 793 794
797 1098 0 794 795
798 1099 0 795 796
799 1100 0 796 797
800 1101 0 797 798
801 1102 0 798 799
802 1103 0 799 800
803 1104 0 800 801
804 1105 0 801 802
805 1106 0 802 803
806 1107 0 803 804
807 1108 0 804 805
808 1109 0 805 806
809 1110 0 806 807
810 1111 0 807 808
811 1112 0 808 809
812 1113 0 809 810
813 1114 0 810 811
814 1115 0 811 812
815 1116 0 812 813
816 1117 0 813 814
817 1118 0 814 815
818 1119 0 815 816
819 1120 0 816 817
820 1121 0 817 818
821 1122 0 818 819
822 1123 0 819 820
823 1124 0 820 821
824 1125 0 821 822
825 1126 0 822 823
826 1127 0 823 824
827 1128 0 824 825
828 1129 0 825 826
829 1130 0 826 827
830 1131 0 827 828
831 1132 0 828 829
832 1133 0 829 830
833 1134 0 830 831
834 1135 0 831 832
835 1136 0 832 833
836 1137 0 833 834
837 1138 0 834 835
838 1139 0 835 836
839 1140 0 836 837
840 1141 0 837 838
841 1142 0 838 839
842 1143 0 839 840
843 1144 0 840 841
844 1145 0 841 842
845 1146 0 842 843
846 1147 0 843 844
847 1148 0 844 845
848 1149 0 845 846
849 1150 0 846 847
850 1151 0 847 848
851 1152 0 848 849
852 1153 0 849 850
853 1154 0 850 851
854 1155 0 851 852
855 1156 0 852 853
856 1157 0 853 854
857 1158 0 854 855
858 1159 0 855 856
859 1160 0 856 857
860 1161 0 857 858
861 1162 0 858 859
862 1163 0 859 860
863 1164 0 860 861
864 1165 0 861 862
865 1166 0 862 863
866 1167 0 863 864
867 1168 0 864 865
868 1169 0 865 866
869 1170 0 866 867
870 1171 0 867 868
871 1172 0 868 869
872 1173 0 869 870
873 1174 0 870 871
874 1175 0 871 872
875 1176 0 872 873
876 1177 0 873 874
877 1178 0 874 875
878 1179 0 875 876
879 1180 0 876 877
880 1181 0 877 878
881 1182 0 878 879
882 1183 0 879 880
883 1184 0 880 881
884 1185 0 881 882
885 1186 0 882 883
886 1187 0 883 884
887 1188 0 884 885
888 1189 0 885 886
889 1190 0 886 887
890 1191 0 887 888
891 1192 0 888 889
892 1193 0 889 890
893 1194 0 890 891
894 1195 0 891 892
895 1196 0 892 893
896 1197 0 893 894
897 1198 0 894 895
898 1199 0 895 896
899 1200 0 896 897
900 1201 0 897 898
901 1202 0 898 899
902 1203 1 899 -1
0 1 0 0 600
1 2 0 1 601
2 3 0 2 602
3 4 0 3 603
4 5 0 4 604
5 6 0 5 605
6 7 0 6 606
7 8 0 7 607
8 9 0 8 608
9 10 0 9 609
10 11 0 10 610
11 12 0 11 611
12 13 0 12 612
13 14 0 13 613
14 15 0 14 614
15 16 0 15 615
16 17 0 16 616
17 18 0 17 617
18 19 0 18 618
19 20 0 19 619
20 21 0 20 620
21 22 0 21 621
22 23 0 22 622
23 24 0 23 623
24 25 0 24 624
25 26 0 25 625
26 27 0 26 626
27 28 0 27 627
28 29 0 28 628
29 30 0 29 629
30 31 0 30 630
31 32 0 31 631
32 33 0 32 632
33 34 0 33 633
34 35 0 34 634
35 36 0 35 635
36 37 0 36 636
37 38 0 37 637
38 39 0 38 638
39 40 0 39 639
40 41 0 40 640
41 42 0 41 641
42 43 0 42 642
43 44 0 43 643
44 45 0 44 644
45 46 0 45 645
46 47 0 46 646
47 48 0 47 647
48 49 0 48 648
49 50 0 49 649
50 51 0 50 650
51 52 0 51 651
52 53 0 52 652
53 54 0 53 653
54 55 0 54 654
55 56 0 55 655
56 57 0 56 656
57 58 0 57 657
58 59 0 58 658
59 60 0 59 659
60 61 0 60 660
61 62 0 61 661
62 63 0 62 662
63 64 0 63 663
64 65 0 64 664
65 66 0 65 665
66 67 0 66 666
67 68 0 67 667
68 69 0 68 668
69 70 0 69 669
70 71 0 70 670
71 72 0 71 671
72 73 0 72 672
73 74 0 73 673
74 75 0 74 674
75 76 0 75 675
76 77 0 76 676
77 78 0 77 677
78 79 0 78 678
79 80 0 79 679
80 81 0 80 680
81 82 0 81 681
82 83 0 82 682
83 84 0 83 683
84 85 0 84 684
85 86 0 85 685
86 87 0 86 686
87 88 0 87 687
88 89 0 88 688
89 90 0 89 689
90 91 0 90 690
91 92 0 91 691
92 93 0 92 692
93 94 0 93 693
94 95 0 94 694
95 96 0 95 695
96 97 0 96 696
97 98 0 97 697
98 99 0 98 698
99 100 0 99 699
100 101 0 100 700
101 102 0 101 701
102 103 0 102 702
103 104 0 103 703
104 105 0 104 704
105 106 0 105 705
106 107 0 106 706
107 108 0 107 707
108 109 0 108 708
109 110 0 109 709
110 111 0 110 710
111 112 0 111 711
112 113 0 112 712
113 114 0 113 713
114 115 0 114 714
115 116 0 115 715
116 117 0 116 716
117 118 0 117 717
118 119 0 118 718
119 120 0 119 719
120 121 0 120 720
121 122 0 121 721
122 123 0 122 722
123 124 0 123 723
124 125 0 124 724
125 126 0 125 725
126 127 0 126 726
127 128 0 127 727
128 129 0 128 728
129 130 0 129 729
130 131 0 130 730
131 132 0 131 731
132 133 0 132 732
133 134 0 133 733
134 135 0 134 734
135 136 0 135 735
136 137 0 136 736
137 138 0 137 737
138 139 0 138 738
139 140 0 139 739
140 141 0 140 740
141 142 0 141 741
142 143 0 142 742
143 144 0 143 743
144 145 0 144 744
145 146 0 145 745
146 147 0 146 746
147 148 0 147 747
148 149 0 148 748
149 150 0 149 749
150 151 0 150 750
151 152 0 151 751
152 153 0 152 752
153 154 0 153 753
154 155 0 154 754
155 156 0 155 755
156 157 0 156 756
157 158 0 157 757
158 159 0 158 758
159 160 0 159 759
160 161 0 160 760
161 162 0 161 761
162 163 0 162 762
163 164 0 163 763
164 165 0 164 764
165 166 0 165 765
166 167 0 166 766
167 168 0 167 767
168 169 0 168 768
169 170 0 169 769
170 171 0 170 770
171 172 0 171 771
172 173 0 172 772
173 174 0 173 773
174 175 0 174 774
175 176 0 175 775
176 177 0 176 776
177 178 0 177 777
178 179 0 178 778
179 180 0 179 779
180 181 0 180 780
181 182 0 181 781
182 183 0 182 782
183 184 0 183 783
184 185 0 184 784
185 186 0 185 785
186 187 0 186 786
187 188 0 187 787
188 189 0 188 788
189 190 0 189 789
190 191 0 190 790
191 192 0 191 791
192 193 0 192 792
193 194 0 193 793
194 195 0 194 794
195 196 0 195 795
196 197 0 196 796
197 198 0 197 797
198 199 0 198 798
199 200 0 199 799
200 201 0 200 800
201 202 0 201 801
202 203 0 202 802
203 204 0 203 803
204 205 0 204 804
205 206 0 205 805
206 207 0 206 806
207 208 0 207 807
208 209 0 208 808
209 210 0 209 809
210 211 0 210 810
211 212 0 211 811
212 213 0 212 812
213 214 0 213 813
214 215 0 214 814
215 216 0 215 815
216 217 0 216 816
217 218 0 217 817
218 219 0 218 818
219 220 0 219 819
220 221 0 220 820
221 222 0 221 821
222 223 0 222 822
223 224 0 223 823
224 225 0 224 824
225 226 0 225 825
226 227 0 226 826
227 228 0 227 827
228 229 0 228 828
229 230 0 229 829
230 231 0 230 830
231 232 0 231 831
232 233 0 232 832
233 234 0 233 833
234 235 0 234 834
235 236 0 235 835
236 237 0 236 836
237 238 0 237 837
238 239 0 238 838
239 240 0 239 839
240 241 0 240 840
241 242 0 241 841
242 243 0 242 842
243 244 0 243 843
244 245 0 244 844
245 246 0 245 845
246 247 0 246 846
247 248 0 247 847
248 249 0 248 848
249 250 0 249 849
250 251 0 250 850
251 252 0 251 851
252 253 0 252 852
253 254 0 253 853
254 255 0 254 854
255 256 0 255 855
256 257 0 256 856
257 258 0 257 857
258 259 0 258 858
259 260 0 259 859
260 261 0 260 860
261 262 0 261 861
262 263 0 262 862
263 264 0 263 863
264 265 0 264 864
265 266 0 265 865
266 267 0 266 866
267 268 0 267 867
268 269 0 268 868
269 270 0 269 869
270 271 0 270 870
271 272 0 271 871
272 273 0 272 872
273 274 0 273 873
274 275 0 274 874
275 276 0 275 875
276 277 0 276 876
277 278 0 277 877
278 279 0 278 878
279 280 0 279 879
280 281 0 280 880
281 282 0 281 881
282 283 0 282 882
283 284 0 283 883
284 285 0 284 884
285 286 0 285 885
286 287 0 286 886
287 288 0 287 887
288 289 0 288 888
289 290 0 289 889
290 291 0 290 890
291 292 0 291 891
292 293 0 292 892
293 294 0 293 893
294 295 0 294 894
295 296 0 295 895
296 297 0 296 896
297 298 0 297 897
298 299 0 298 898
299 300 0 299 899
301 302 0 300 0
302 303 0 301 1
303 304 0 302 2
304 305 0 303 3
305 306 0 304 4
306 307 0 305 5
307 308 0 306 6
308 309 0 307 7
309 310 0 308 8
310 311 0 309 9
311 312 0 310 10
312 313 0 311 11
313 314 0 312 12
314 315 0 313 13
315 316 0 314 14
316 317 0 315 15
317 318 0 316 16
318 319 0 317 17
319 320 0 318 18
320 321 0 319 19
321 322 0 320 20
322 323 0 321 21
323 324 0 322 22
324 325 0 323 23
325 326 0 324 24
326 327 0 325 25
327 328 0 326 26
328 329 0 327 27
329 330 0 328 28
330 331 0 329 29
331 332 0 330 30
332 333 0 331 31
333 334 0 332 32
334 335 0 333 33
335 336 0 334 34
336 337 0 335 35
337 338 0 336 36
338 339 0 337 37
339 340 0 338 38
340 341 0 339 39
341 342 0 340 40
342 343 0 341 41
343 344 0 342 42
344 345 0 343 43
345 346 0 344 44
346 347 0 345 45
347 348 0 346 46
348 349 0 347 47
349 350 0 348 48
350 351 0 349 49
351 352 0 350 50
352 353 0 351 51
353 354 0 352 52
354 355 0 353 53
355 356 0 354 54
356 357 0 355 55
357 358 0 356 56
358 359 0 357 57
359 360 0 358 58
360 361 0 359 59
361 362 0 360 60
362 363 0 361 61
363 364 0 362 62
364 365 0 363 63
365 366 0 364 64
366 367 0 365 65
367 368 0 366 66
368 369 0 367 67
369 370 0 368 68
370 371 0 369 69
371 372 0 370 70
372 373 0 371 71
373 374 0 372 72
374 375 0 373 73
375 376 0 374 74
376 377 0 375 75
377 378 0 376 76
378 379 0 377 77
379 380 0 378 78
380 381 0 379 79
381 382 0 380 80
382 383 0 381 81
383 384 0 382 82
384 385 0 383 83
385 386 0 384 84
386 387 0 385 85
387 388 0 386 86
388 389 0 387 87
389 390 0 388 88
390 391 0 389 89
391 392 0 390 90
392 393 0 391 91
393 394 0 392 92
394 395 0 393 93
395 396 0 394 94
396 397 0 395 95
397 398 0 396 96
398 399 0 397 97
399 400 0 398 98
400 401 0 399 99
401 402 0 400 100
402 403 0 401 101
403 404 0 402 102
404 405 0 403 103
405 406 0 404 104
406 407 0 405 105
407 408 0 406 106
408 409 0 407 107
409 410 0 408 108
410 411 0 409 109
411 412 0 410 110
412 413 0 411 111
413 414 0 412 112
414 415 0 413 113
415 416 0 414 114
416 417 0 415 115
417 418 0 416 116
418 419 0 417 117
419 420 0 418 118
420 421 0 419 119
421 422 0 420 120
422 423 0 421 121
423 424 0 422 122
424 425 0 423 123
425 426 0 424 124
426 427 0 425 125
427 428 0 426 126
428 429 0 427 127
429 430 0 428 128
430 431 0 429 129
431 432 0 430 130
432 433 0 431 131
433 434 0 432 132
434 435 0 433 133
435 436 0 434 134
436 437 0 435 135
437 438 0 436 136
438 439 0 437 137
439 440 0 438 138
440 441 0 439 139
441 442 0 440 140
442 443 0 441 141
443 444 0 442 142
444 445 0 443 143
445 446 0 444 144
446 447 0 445 145
447 448 0 446 146
448 449 0 447 147
449 450 0 448 148
450 451 0 449 149
451 452 0 450 150
452 453 0 451 151
453 454 0 452 152
454 455 0 453 153
455 456 0 454 154
456 457 0 455 155
457 458 0 456 156
458 459 0 457 157
459 460 0 458 158
460 461 0 459 159
461 462 0 460 160
462 463 0 461 161
463 464 0 462 162
464 465 0 463 163
465 466 0 464 164
466 467 0 465 165
467 468 0 466 166
468 469 0 467 167
469 470 0 468 168
470 471 0 469 169
471 472 0 470 170
472 473 0 471 171
473 474 0 472 172
474 475 0 473 173
475 476 0 474 174
476 477 0 475 175
477 478 0 476 176
478 479 0 477 177
479 480 0 478 178
480 481 0 479 179
481 482 0 480 180
482 483 0 481 181
483 484 0 482 182
484 485 0 483 183
485 486 0 484 184
486 487 0 485 185
487 488 0 486 186
488 489 0 487 187
489 490 0 488 188
490 491 0 489 189
491 492 0 490 190
492 493 0 491 191
493 494 0 492 192
494 495 0 493 193
495 496 0 494 194
496 497 0 495 195
497 498 0 496 196
498 499 0 497 197
499 500 0 498 198
500 501 0 499 199
501 502 0 500 200
502 503 0 501 201
503 504 0 502 202
504 505 0 503 203
505 506 0 504 204
506 507 0 505 205
507 508 0 506 206
508 509 0 507 207
509 510 0 508 208
510 511 0 509 209
511 512 0 510 210
512 513 0 511 211
513 514 0 512 212
514 515 0 513 213
515 516 0 514 214
516 517 0 515 215
517 518 0 516 216
518 519 0 517 217
519 520 0 518 218
520 521 0 519 219
521 522 0 520 220
522 523 0 521 221
523 524 0 522 222
524 525 0 523 223
525 526 0 524 224
526 527 0 525 225
527 528 0 526 226
528 529 0 527 227
529 530 0 528 228
530 531 0 529 229
531 532 0 530 230
532 533 0 531 231
533 534 0 532 232
534 535 0 533 233
535 536 0 534 234
536 537 0 535 235
537 538 0 536 236
538 539 0 537 237
539 540 0 538 238
540 541 0 539 239
541 542 0 540 240
542 543 0 541 241
543 544 0 542 242
544 545 0 543 243
545 546 0 544 244
546 547 0 545 245
547 548 0 546 246
548 549 0 547 247
549 550 0 548 248
550 551 0 549 249
551 552 0 550 250
552 553 0 551 251
553 554 0 552 252
554 555 0 553 253
555 556 0 554 254
556 557 0 555 255
557 558 0 556 256
558 559 0 557 257
559 560 0 558 258
560 561 0 559 259
561 562 0 560 260
562 563 0 561 261
563 564 0 562 262
564 565 0 563 263
565 566 0 564 264
566 567 0 565 265
567 568 0 566 266
568 569 0 567 267
569 570 0 568 268
570 571 0 569 269
571 572 0 570 270
572 573 0 571 271
573 574 0 572 272
574 575 0 573 273
575 576 0 574 274
576 577 0 575 275
577 578 0 576 276
578 579 0 577 277
579 580 0 578 278
580 581 0 579 279
581 582 0 580 280
582 583 0 581 281
583 584 0 582 282
584 585 0 583 283
585 586 0 584 284
586 587 0 585 285
587 588 0 586 286
588 589 0 587 287
589 590 0 588 288
590 591 0 589 289
591 592 0 590 290
592 593 0 591 291
593 594 0 592 292
594 595 0 593 293
595 596 0 594 294
596 597 0 595 295
597 598 0 596 296
598 599 0 597 297
599 600 0 598 298
600 601 0 599 299
602 603 0 600 300
603 604 0 601 301
604 605 0 602 302
605 606 0 603 303
606 607 0 604 304
607 608 0 605 305
608 609 0 606 306
609 610 0 607 307
610 611 0 608 308
611 612 0 609 309
612 613 0 610 310
613 614 0 611 311
614 615 0 612 312
615 616 0 613 313
616 617 0 614 314
617 618 0 615 315
618 619 0 616 316
619 620 0 617 317
620 621 0 618 318
621 622 0 619 319
622 623 0 620 320
623 624 0 621 321
624 625 0 622 322
625 626 0 623 323
626 627 0 624 324
627 628 0 625 325
628 629 0 626 326
629 630 0 627 327
630 631 0 628 328
631 632 0 629 329
632 633 0 630 330
633 634 0 631 331
634 635 0 632 332
635 636 0 633 333
636 637 0 634 334
637 638 0 635 335
638 639 0 636 336
639 640 0 637 337
640 641 0 638 338
641 642 0 639 339
642 643 0 640 340
643 644 0 641 341
644 645 0 642 342
645 646 0 643 343
646 647 0 644 344
647 648 0 645 345
648 649 0 646 346
649 650 0 647 347
650 651 0 648 348
651 652 0 649 349
652 653 0 650 350
653 654 0 651 351
654 655 0 652 352
655 656 0 653 353
656 657 0 654 354
657 658 0 655 355
658 659 0 656 356
659 660 0 657 357
660 661 0 658 358
661 662 0 659 359
662 663 0 660 360
663 664 0 661 361
664 665 0 662 362
665 666 0 663 363
666 667 0 664 364
667 668 0 665 365
668 669 0 666 366
669 670 0 667 367
670 671 0 668 368
671 672 0 669 369
672 673 0 670 370
673 674 0 671 371
674 675 0 672 372
675 676 0 673 373
676 677 0 674 374
677 678 0 675 375
678 679 0 676 376
679 680 0 677 377
680 681 0 678 378
681 682 0 679 379
682 683 0 680 380
683 684 0 681 381
684 685 0 682 382
685 686 0 683 383
686 687 0 684 384
687 688 0 685 385
688 689 0 686 386
689 690 0 687 387
690 691 0 688 388
691 692 0 689 389
692 693 0 690 390
693 694 0 691 391
694 695 0 692 392
695 696 0 693 393
696 697 0 694 394
697 698 0 695 395
698 699 0 696 396
699 700 0 697 397
700 701 0 698 398
701 702 0 699 399
702 703 0 700 400
703 704 0 701 401
704 705 0 702 402
705 706 0 703 403
706 707 0 704 404
707 708 0 705 405
708 709 0 706 406
709 710 0 707 407
710 711 0 708 408
711 712 0 709 409
712 713 0 710 410
713 714 0 711 411
714 715 0 712 412
715 716 0 713 413
716 717 0 714 414
717 718 0 715 415
718 719 0 716 416
719 720 0 717 417
720 721 0 718 418
721 722 0 719 419
722 723 0 720 420
723 724 0 721 421
724 725 0 722 422
725 726 0 723 423
726 727 0 724 424
727 728 0 725 425
728 729 0 726 426
729 730 0 727 427
730 731 0 728 428
731 732 0 729 429
732 733 0 730 430
733 734 0 731 431
734 735 0 732 432
735 736 0 733 433
736 737 0 734 434
737 738 0 735 435
738 739 0 736 436
739 740 0 737 437
740 741 0 738 438
741 742 0 739 439
742 743 0 740 440
743 744 0 741 441
744 745 0 742 442
745 746 0 743 443
746 747 0 744 444
747 748 0 745 445
748 749 0 746 446
749 750 0 747 447
750 751 0 748 448
751 752 0 749 449
752 753 0 750 450
753 754 0 751 451
754 755 0 752 452
755 756 0 753 453
756 757 0 754 454
757 758 0 755 455
758 759 0 756 456
759 760 0 757 457
760 761 0 758 458
761 762 0 759 459
762 763 0 760 460
763 764 0 761 461
764 765 0 762 462
765 766 0 763 463
766 767 0 764 464
767 768 0 765 465
768 769 0 766 466
769 770 0 767 467
770 771 0 768 468
771 772 0 769 469
772 773 0 770 470
773 774 0 771 471
774 775 0 772 472
775 776 0 773 473
776 777 0 774 474
777 778 0 775 475
778 779 0 776 476
779 780 0 777 477
780 781 0 778 478
781 782 0 779 479
782 783 0 780 480
783 784 0 781 481
784 785 0 782 482
785 786 0 783 483
786 787 0 784 484
787 788 0 785 485
788 789 0 786 486
789 790 0 787 487
790 791 0 788 488
791 792 0 789 489
792 793 0 790 490
793 794 0 791 491
794 795 0 792 492
795 796 0 793 493
796 797 0 794 494
797 798 0 795 495
798 799 0 796 496
799 800 0 797 497
800 801 0 798 498
801 802 0 799 499
802 803 0 800 500
803 804 0 801 501
804 805 0 802 502
805 806 0 803 503
806 807 0 804 504
807 808 0 805 505
808 809 0 806 506
809 810 0 807 507
810 811 0 808 508
811 812 0 809 509
812 813 0 810 510
813 814 0 811 511
814 815 0 812 512
815 816 0 813 513
816 817 0 814 514
817 818 0 815 515
818 819 0 816 516
819 820 0 817 517
820 821 0 818 518
821 822 0 819 519
822 823 0 820 520
823 824 0 821 521
824 825 0 822 522
825 826 0 823 523
826 827 0 824 524
827 828 0 825 525
828 829 0 826 526
829 830 0 827 527
830 831 0 828 528
831 832 0 829 529
832 833 0 830 530
833 834 0 831 531
834 835 0 832 532
835 836 0 833 533
836 837 0 834 534
837 838 0 835 535
838 839 0 836 536
839 840 0 837 537
840 841 0 838 538
841 842 0 839 539
842 843 0 840 540
843 844 0 841 541
844 845 0 842 542
845 846 0 843 543
846 847 0 844 544
847 848 0 845 545
848 849 0 846 546
849 850 0 847 547
850 851 0 848 548
851 852 0 849 549
852 853 0 850 550
853 854 0 851 551
854 855 0 852 552
855 856 0 853 553
856 857 0 854 554
857 858 0 855 555
858 859 0 856 556
859 860 0 857 557
860 861 0 858 558
861 862 0 859 559
862 863 0 860 560
863 864 0 861 561
864 865 0 862 562
865 866 0 863 563
866 867 0 864 564
867 868 0 865 565
868 869 0 866 566
869 870 0 867 567
870 871 0 868 568
871 872 0 869 569
872 873 0 870 570
873 874 0 871 571
874 875 0 872 572
875 876 0 873 573
876 877 0 874 574
877 878 0 875 575
878 879 0 876 576
879 880 0 877 577
880 881 0 878 578
881 882 0 879 579
882 883 0 880 580
883 884 0 881 581
884 885 0 882 582
885 886 0 883 583
886 887 0 884 584
887 888 0 885 585
888 889 0 886 586
889 890 0 887 587
890 891 0 888 588
891 892 0 889 589
892 893 0 890 590
893 894 0 891 591
894 895 0 892 592
895 896 0 893 593
896 897 0 894 594
897 898 0 895 595
898 899 0 896 596
899 900 0 897 597
900 901 0 898 598
901 902 0 899 599
